0 1
0 2
0 3
0 4
0 5
0 6
0 7
0 8
0 9
0 11
0 12
0 13
0 14
0 15
0 20
0 22
0 23
0 25
0 26
0 27
0 29
0 32
0 33
0 34
0 36
0 37
0 38
0 39
0 43
0 48
0 50
0 54
0 57
0 64
0 67
0 74
0 75
0 78
0 81
0 82
0 89
0 96
0 100
0 102
0 105
0 108
0 110
0 114
0 120
0 123
0 126
0 127
0 132
0 138
0 146
0 151
0 153
0 163
0 174
0 175
0 187
0 191
0 195
0 208
0 224
0 241
0 249
0 264
0 265
0 267
0 280
0 290
0 317
0 318
0 328
0 329
0 330
0 368
0 385
0 392
0 408
0 409
0 428
0 430
0 446
0 462
0 481
1 7
1 8
1 10
1 11
1 12
1 13
1 15
1 16
1 21
1 35
1 39
1 41
1 47
1 49
1 61
1 71
1 112
1 121
1 125
1 130
1 139
1 142
1 143
1 146
1 163
1 164
1 166
1 172
1 173
1 182
1 186
1 203
1 216
1 231
1 240
1 247
1 264
1 275
1 297
1 301
1 307
1 309
1 313
1 318
1 325
1 347
1 348
1 353
1 378
1 382
1 390
1 391
1 393
1 417
1 426
1 440
1 451
1 460
1 466
1 475
1 476
1 480
2 8
2 9
2 13
2 14
2 16
2 17
2 24
2 33
2 38
2 40
2 41
2 44
2 45
2 48
2 57
2 71
2 75
2 99
2 114
2 122
2 164
2 183
2 188
2 234
2 260
2 311
2 350
2 415
2 424
2 452
2 460
2 471
2 479
3 7
3 9
3 11
3 14
3 17
3 18
3 24
3 44
3 46
3 52
3 60
3 64
3 101
3 123
3 128
3 144
3 145
3 178
3 189
3 197
3 209
3 263
3 282
3 291
3 301
3 339
3 425
3 487
4 7
4 10
4 12
4 30
4 41
4 57
4 61
4 66
4 104
4 282
4 288
4 294
4 297
4 372
4 405
4 468
5 7
5 8
5 9
5 10
5 11
5 12
5 14
5 19
5 20
5 23
5 24
5 27
5 36
5 37
5 38
5 42
5 43
5 47
5 49
5 58
5 63
5 72
5 73
5 78
5 79
5 81
5 91
5 93
5 96
5 109
5 112
5 113
5 115
5 120
5 129
5 136
5 137
5 139
5 144
5 150
5 164
5 172
5 176
5 180
5 183
5 187
5 210
5 227
5 232
5 233
5 237
5 240
5 257
5 268
5 279
5 281
5 286
5 287
5 290
5 295
5 305
5 313
5 316
5 327
5 352
5 376
5 390
5 410
5 419
5 431
5 452
5 460
5 465
5 487
6 7
6 8
6 9
6 10
6 22
6 23
6 27
6 31
6 43
6 46
6 52
6 54
6 68
6 72
6 73
6 77
6 79
6 92
6 95
6 98
6 101
6 105
6 123
6 133
6 135
6 140
6 148
6 150
6 156
6 161
6 176
6 180
6 222
6 244
6 268
6 270
6 335
6 375
6 399
6 413
6 435
6 466
6 472
7 8
7 10
7 11
7 14
7 15
7 16
7 17
7 22
7 25
7 28
7 30
7 31
7 32
7 34
7 36
7 37
7 45
7 51
7 54
7 55
7 56
7 57
7 60
7 62
7 63
7 69
7 73
7 80
7 82
7 83
7 92
7 93
7 98
7 108
7 117
7 123
7 129
7 152
7 156
7 159
7 164
7 194
7 197
7 199
7 202
7 206
7 216
7 217
7 219
7 225
7 227
7 230
7 232
7 242
7 249
7 274
7 288
7 312
7 318
7 342
7 345
7 350
7 351
7 359
7 361
7 363
7 407
7 440
7 444
7 457
7 459
7 467
7 468
7 491
8 9
8 15
8 16
8 17
8 20
8 22
8 24
8 27
8 31
8 32
8 33
8 35
8 37
8 43
8 49
8 58
8 59
8 60
8 69
8 78
8 86
8 95
8 96
8 114
8 117
8 131
8 141
8 149
8 150
8 156
8 167
8 175
8 181
8 198
8 201
8 238
8 251
8 257
8 258
8 270
8 278
8 279
8 284
8 293
8 321
8 340
8 350
8 373
8 375
8 383
8 412
8 448
8 452
8 480
9 10
9 13
9 16
9 17
9 26
9 31
9 40
9 44
9 48
9 51
9 64
9 68
9 69
9 76
9 80
9 121
9 123
9 165
9 204
9 220
9 274
9 276
9 279
9 316
9 367
9 375
9 389
9 393
9 406
9 411
9 493
10 11
10 12
10 15
10 18
10 19
10 22
10 26
10 28
10 30
10 31
10 32
10 36
10 40
10 44
10 49
10 50
10 52
10 53
10 65
10 68
10 70
10 86
10 87
10 93
10 107
10 109
10 118
10 126
10 128
10 147
10 154
10 156
10 158
10 159
10 169
10 179
10 188
10 191
10 209
10 214
10 224
10 242
10 259
10 261
10 276
10 292
10 318
10 322
10 328
10 336
10 352
10 353
10 416
10 422
10 426
10 438
10 449
10 470
10 486
10 488
11 12
11 13
11 18
11 19
11 20
11 21
11 26
11 32
11 39
11 41
11 45
11 50
11 51
11 53
11 54
11 58
11 66
11 67
11 70
11 71
11 75
11 83
11 85
11 99
11 100
11 109
11 128
11 133
11 135
11 139
11 154
11 155
11 159
11 181
11 192
11 224
11 238
11 241
11 243
11 246
11 260
11 273
11 280
11 289
11 296
11 303
11 317
11 319
11 324
11 328
11 330
11 331
11 333
11 337
11 341
11 342
11 347
11 358
11 363
11 380
11 389
11 402
11 410
11 423
11 431
11 446
11 454
11 478
11 479
12 13
12 15
12 18
12 19
12 29
12 34
12 53
12 54
12 61
12 77
12 88
12 109
12 113
12 116
12 131
12 138
12 149
12 159
12 163
12 166
12 173
12 191
12 201
12 275
12 304
12 308
12 318
12 326
12 327
12 328
12 329
12 339
12 393
12 466
13 14
13 19
13 21
13 23
13 28
13 29
13 45
13 61
13 63
13 74
13 77
13 93
13 101
13 141
13 147
13 201
13 207
13 220
13 263
13 266
13 270
13 283
13 307
13 319
13 355
13 396
13 413
13 418
13 446
13 479
13 497
14 16
14 18
14 21
14 33
14 57
14 60
14 69
14 71
14 82
14 97
14 102
14 110
14 113
14 119
14 144
14 211
14 224
14 245
14 249
14 281
14 345
14 347
14 455
15 17
15 20
15 21
15 24
15 25
15 26
15 27
15 28
15 35
15 36
15 37
15 41
15 55
15 56
15 61
15 66
15 77
15 79
15 136
15 144
15 151
15 160
15 166
15 178
15 193
15 200
15 227
15 232
15 246
15 264
15 276
15 277
15 279
15 300
15 307
15 311
15 315
15 318
15 327
15 332
15 340
15 345
15 349
15 382
15 392
15 411
15 413
15 429
15 471
15 474
15 479
16 19
16 22
16 35
16 44
16 46
16 53
16 59
16 62
16 68
16 75
16 84
16 86
16 103
16 104
16 105
16 112
16 118
16 130
16 167
16 171
16 177
16 203
16 207
16 229
16 242
16 250
16 281
16 317
16 365
16 398
16 419
16 424
16 439
16 468
16 470
16 483
16 493
17 18
17 21
17 25
17 30
17 35
17 38
17 45
17 46
17 50
17 59
17 81
17 87
17 94
17 96
17 110
17 113
17 121
17 131
17 136
17 145
17 159
17 213
17 223
17 239
17 311
17 339
17 429
17 449
17 465
17 472
18 24
18 28
18 65
18 66
18 67
18 82
18 117
18 118
18 145
18 153
18 187
18 213
18 238
18 270
18 273
18 277
18 298
18 336
18 393
18 394
18 415
19 20
19 26
19 30
19 35
19 39
19 43
19 51
19 65
19 71
19 73
19 78
19 92
19 102
19 107
19 112
19 120
19 124
19 152
19 162
19 170
19 239
19 261
19 306
19 309
19 375
19 396
19 431
20 23
20 25
20 40
20 62
20 87
20 105
20 119
20 125
20 129
20 147
20 186
20 188
20 193
20 228
20 289
20 301
20 319
20 321
20 325
20 329
20 337
20 368
20 429
21 29
21 34
21 53
21 72
21 92
21 107
21 111
21 121
21 132
21 164
21 168
21 169
21 194
21 212
21 217
21 256
21 275
21 281
21 285
21 335
21 367
21 370
21 378
21 404
21 436
21 456
21 457
21 471
21 487
21 492
22 23
22 55
22 82
22 90
22 131
22 151
22 202
22 252
22 400
23 42
23 62
23 69
23 74
23 89
23 107
23 143
23 145
23 154
23 170
23 171
23 177
23 179
23 182
23 184
23 200
23 206
23 215
23 216
23 225
23 241
23 245
23 251
23 286
23 308
23 333
23 354
23 360
23 372
23 380
23 405
23 418
23 425
23 429
23 441
23 454
23 484
23 496
24 25
24 27
24 34
24 46
24 52
24 63
24 64
24 74
24 91
24 144
24 146
24 162
24 168
24 199
24 229
24 257
24 277
24 308
24 322
24 337
24 389
24 408
25 42
25 46
25 65
25 85
25 96
25 97
25 115
25 116
25 126
25 158
25 173
25 190
25 197
25 215
25 223
25 225
25 230
25 244
25 246
25 273
25 325
25 350
25 464
25 494
26 30
26 31
26 39
26 40
26 59
26 85
26 89
26 97
26 115
26 119
26 124
26 130
26 133
26 136
26 146
26 158
26 184
26 188
26 195
26 218
26 229
26 234
26 284
26 302
26 306
26 341
26 369
26 408
26 420
26 426
27 28
27 29
27 38
27 80
27 108
27 115
27 119
27 141
27 142
27 192
27 212
27 226
27 231
27 236
27 287
27 335
27 368
27 392
27 405
27 432
27 438
27 451
27 463
27 477
27 482
28 29
28 32
28 33
28 45
28 47
28 48
28 50
28 56
28 58
28 61
28 62
28 72
28 78
28 97
28 102
28 103
28 104
28 109
28 115
28 127
28 134
28 137
28 142
28 145
28 148
28 160
28 190
28 221
28 222
28 237
28 255
28 269
28 332
28 341
28 351
28 353
28 362
28 368
28 373
28 381
28 383
28 384
28 385
28 399
28 440
28 453
28 478
28 483
29 36
29 64
29 75
29 76
29 102
29 170
29 177
29 182
29 188
29 248
29 351
29 439
29 474
30 40
30 47
30 49
30 54
30 76
30 92
30 119
30 178
30 185
30 248
30 261
30 332
30 339
30 343
30 409
30 421
31 33
31 56
31 60
31 84
31 88
31 89
31 90
31 102
31 122
31 146
31 170
31 189
31 207
31 208
31 214
31 255
31 271
31 385
31 410
31 445
32 37
32 42
32 52
32 55
32 56
32 57
32 68
32 79
32 83
32 87
32 99
32 151
32 152
32 153
32 195
32 196
32 206
32 208
32 238
32 245
32 262
32 266
32 302
32 319
32 325
32 335
32 346
32 360
32 386
32 402
32 427
32 438
32 445
32 453
32 473
33 34
33 41
33 42
33 43
33 47
33 51
33 63
33 72
33 85
33 111
33 117
33 123
33 146
33 230
33 252
33 265
33 269
33 289
33 301
33 314
33 368
33 384
33 400
33 431
34 38
34 42
34 92
34 116
34 127
34 251
34 282
34 288
34 291
34 298
34 304
34 305
34 310
34 319
34 349
34 401
34 420
34 461
35 58
35 74
35 76
35 152
35 167
35 221
35 307
35 337
35 351
36 39
36 68
36 94
36 140
36 168
36 192
36 205
36 209
36 214
36 278
36 344
36 379
36 381
36 386
36 398
36 430
36 440
36 465
36 495
37 59
37 67
37 137
37 179
37 238
37 293
37 481
38 73
38 80
38 109
38 129
38 136
38 137
38 187
38 199
38 200
38 206
38 212
38 238
38 239
38 372
38 397
38 443
38 468
38 485
39 56
39 93
39 118
39 132
39 157
39 190
39 193
39 206
39 216
39 218
39 222
39 232
39 234
39 249
39 258
39 268
39 292
39 315
39 326
39 382
39 390
39 460
39 479
39 491
39 494
40 49
40 70
40 85
40 88
40 226
40 278
40 297
40 375
40 379
40 382
40 404
40 427
41 48
41 55
41 80
41 86
41 99
41 106
41 114
41 143
41 155
41 157
41 165
41 168
41 171
41 189
41 192
41 210
41 214
41 254
41 265
41 284
41 350
41 359
41 405
41 420
41 455
41 462
42 44
42 47
42 67
42 83
42 89
42 103
42 113
42 127
42 138
42 160
42 181
42 211
42 230
42 235
42 243
42 244
42 285
42 400
42 432
42 443
42 448
42 469
42 478
42 486
42 496
43 65
43 90
43 91
43 106
43 132
43 151
43 224
43 250
43 255
43 320
43 323
43 347
43 364
43 427
44 50
44 140
44 148
44 179
44 183
44 226
44 254
44 268
44 297
44 328
44 345
44 358
44 432
44 441
45 48
45 90
45 147
45 154
45 156
45 213
45 214
45 235
45 253
45 302
45 305
45 419
45 479
46 52
46 59
46 83
46 100
46 101
46 114
46 117
46 122
46 152
46 153
46 219
46 258
46 274
46 300
46 371
46 381
46 388
46 435
46 467
46 495
47 51
47 63
47 94
47 95
47 108
47 125
47 126
47 132
47 158
47 193
47 219
47 240
47 267
47 321
47 444
48 53
48 60
48 64
48 86
48 97
48 99
48 108
48 135
48 141
48 164
48 177
48 220
48 272
48 310
48 355
48 366
48 394
48 425
49 79
49 91
49 116
49 235
49 292
49 380
49 431
50 55
50 177
50 182
50 204
50 223
50 224
50 299
50 361
50 401
51 58
51 77
51 81
51 125
51 166
51 167
51 190
51 268
51 313
51 332
51 351
51 362
51 439
52 66
52 80
52 88
52 100
52 107
52 124
52 141
52 159
52 168
52 182
52 183
52 196
52 203
52 258
52 271
52 296
52 313
52 316
52 383
52 394
53 65
53 70
53 125
53 128
53 161
53 169
53 185
53 194
53 213
53 472
54 88
54 101
54 143
54 196
54 248
54 263
54 287
54 331
54 398
54 452
54 477
55 67
55 77
55 84
55 142
55 154
55 175
55 195
55 270
55 316
55 371
55 376
55 378
55 430
55 453
56 78
56 84
56 106
56 140
56 149
56 150
56 184
56 219
56 231
56 320
56 357
56 362
56 376
56 437
56 466
56 481
57 62
57 79
57 90
57 140
57 147
57 156
57 161
57 162
57 187
57 204
57 249
57 254
57 274
57 328
57 378
57 391
57 405
57 487
58 70
58 88
58 93
58 180
58 189
58 215
58 242
58 245
58 296
58 299
58 300
58 402
58 419
58 483
59 136
59 147
59 173
59 198
59 250
59 252
59 366
59 402
59 451
59 475
59 483
59 486
60 76
60 101
60 170
60 216
60 311
60 387
60 434
60 493
61 90
61 95
61 110
61 111
61 127
61 131
61 210
61 243
61 364
61 423
62 69
62 83
62 84
62 85
62 86
62 135
62 155
62 170
62 193
62 301
62 312
62 314
62 349
62 354
62 379
62 468
62 495
63 76
63 87
63 91
63 111
63 204
63 247
63 295
63 367
63 498
64 66
64 81
64 105
64 134
64 135
64 167
64 264
64 283
64 361
64 490
65 73
65 89
65 113
65 119
65 171
65 196
65 205
65 220
65 223
65 259
65 334
65 357
65 374
65 459
65 494
66 127
67 122
67 140
67 176
67 246
67 247
67 295
67 300
67 346
67 366
67 377
68 71
68 72
68 82
68 98
68 116
68 133
68 162
68 322
68 340
68 355
68 375
68 436
68 485
69 70
69 87
69 94
69 118
69 321
69 326
69 343
69 363
69 367
69 383
69 435
69 477
69 496
70 105
70 110
70 111
70 124
70 126
70 149
70 203
70 215
70 219
70 276
70 337
70 348
71 75
71 95
71 296
71 473
71 481
72 106
72 194
72 234
72 336
72 438
72 486
73 74
73 91
73 95
73 118
73 174
73 200
73 213
73 373
74 81
74 162
74 174
74 205
74 256
74 331
74 337
74 406
74 439
74 491
75 103
75 153
75 169
75 257
75 494
76 94
76 103
76 104
76 126
76 129
76 175
76 192
76 202
76 221
76 286
76 303
76 310
76 333
76 348
76 412
76 496
77 104
77 106
77 112
77 121
77 165
77 176
77 198
77 241
77 363
77 431
78 96
78 98
78 134
78 157
78 209
78 222
78 242
78 437
78 492
78 493
79 122
79 163
79 222
79 254
79 319
79 320
79 345
79 475
80 161
80 162
80 203
80 336
80 390
80 404
81 98
81 149
81 212
81 228
81 250
81 267
81 312
81 322
81 418
81 432
81 433
81 445
81 446
82 84
82 99
82 125
82 149
82 153
82 179
82 243
82 314
82 412
82 424
83 94
83 97
83 111
83 172
83 176
83 183
83 192
83 235
83 333
83 421
84 110
84 175
84 202
84 260
84 344
84 401
84 416
84 461
85 104
85 108
85 161
85 166
85 186
85 210
85 211
85 219
85 222
85 303
85 321
85 344
85 372
85 446
86 115
86 133
86 134
86 200
86 217
86 249
86 269
86 284
86 338
86 419
86 434
87 144
87 178
87 185
87 282
87 304
87 309
87 486
88 100
88 107
88 124
88 138
88 171
88 324
88 359
88 392
89 122
89 131
89 143
89 145
89 163
89 169
89 197
89 212
89 218
89 229
89 244
89 250
89 308
89 336
89 344
89 356
89 374
89 391
90 171
90 178
90 283
90 350
90 364
90 474
91 203
91 223
91 362
91 387
91 442
92 197
92 330
92 435
92 481
93 174
93 207
93 363
93 384
93 414
93 420
93 496
93 497
94 100
94 133
94 142
94 167
94 186
94 329
94 361
94 386
94 397
94 400
94 450
95 139
96 98
96 112
96 114
96 120
96 134
96 179
96 225
96 278
96 434
97 106
97 124
97 132
97 412
97 416
97 450
98 103
98 150
98 158
98 175
98 252
98 357
98 435
98 493
99 134
99 172
99 201
99 231
99 256
99 275
99 280
99 330
99 352
99 353
99 386
99 403
99 406
99 467
100 129
100 130
100 223
100 284
100 359
100 363
100 499
101 416
101 442
101 465
101 485
102 120
102 184
102 255
102 285
102 288
102 417
102 461
103 143
103 202
103 229
103 277
103 316
103 340
103 443
104 117
104 258
104 263
104 298
104 396
104 449
105 168
105 180
105 401
105 460
106 138
106 157
106 201
106 205
106 207
106 233
106 253
106 266
106 296
106 392
106 497
107 128
107 139
107 148
107 160
107 184
107 387
107 447
107 473
107 476
108 228
108 257
108 321
109 116
109 213
109 274
110 352
110 421
111 148
111 150
111 240
111 266
111 276
111 290
111 291
111 304
111 338
111 369
111 390
111 437
111 449
112 151
112 157
112 176
112 217
112 230
112 236
112 237
112 241
112 262
112 331
112 354
112 414
112 443
113 274
113 338
113 358
113 371
113 406
114 142
114 186
114 236
114 315
114 377
114 407
115 185
115 231
115 280
115 347
115 385
115 462
116 121
116 158
116 194
116 225
116 232
116 251
116 264
116 365
116 388
116 407
116 413
116 484
116 485
117 205
117 212
117 258
117 347
118 120
118 152
118 157
118 193
118 239
118 244
118 287
118 290
118 316
118 356
118 366
119 220
119 267
119 289
119 331
119 334
119 348
119 352
120 166
120 298
120 329
120 448
120 464
121 190
121 207
121 235
121 247
121 267
121 333
121 343
121 464
121 499
122 295
122 368
122 478
123 130
123 137
123 154
123 161
123 185
123 199
123 254
123 331
123 357
124 358
125 128
125 135
125 155
125 218
125 243
125 247
125 269
125 301
125 334
125 364
125 409
125 414
125 434
125 445
125 482
126 141
126 155
126 240
126 260
126 283
127 330
127 340
127 434
128 130
128 201
128 380
128 432
129 138
129 217
129 227
129 265
129 271
129 294
129 295
130 204
130 206
130 209
130 221
130 370
131 210
131 277
131 286
131 305
131 342
131 351
131 378
131 394
131 425
131 448
131 465
132 137
132 211
132 215
132 309
132 473
132 490
133 160
133 194
133 237
133 314
133 404
133 494
134 185
134 291
134 299
134 409
134 438
135 139
135 172
135 191
135 259
135 376
135 403
135 455
136 165
136 182
136 186
136 196
136 208
136 310
136 320
137 173
137 184
137 187
137 195
137 221
137 279
137 287
137 314
137 343
137 391
137 412
137 414
137 424
137 440
138 214
138 382
139 290
139 462
140 148
140 209
140 256
140 326
141 190
141 208
141 218
141 261
141 297
141 330
141 338
141 385
142 248
142 266
142 342
142 356
143 403
144 169
144 172
144 451
144 459
145 189
145 285
145 452
145 456
145 476
146 160
146 174
146 195
146 309
146 397
146 439
147 181
147 183
147 205
147 216
147 236
147 313
147 395
147 399
148 165
148 263
148 307
148 454
149 226
149 269
149 300
149 365
149 369
149 470
149 474
150 199
150 248
150 253
150 294
150 345
150 455
150 458
151 230
151 236
151 245
151 248
152 155
152 165
152 234
152 235
152 255
152 259
152 262
152 325
152 346
152 379
152 433
153 174
154 261
154 265
154 271
154 430
154 490
155 178
155 283
155 421
156 177
156 198
156 253
156 272
156 275
156 286
156 314
156 362
156 382
156 401
156 421
156 444
157 163
157 217
157 302
159 280
159 281
159 312
159 365
159 398
159 448
160 215
160 233
160 236
160 237
160 250
160 252
161 181
161 189
161 199
161 402
161 489
162 197
162 262
162 437
162 480
163 180
163 268
163 277
163 279
163 306
163 409
163 450
163 467
163 485
164 198
164 334
164 405
164 408
165 208
165 441
165 442
166 211
166 417
167 237
167 339
167 360
167 366
167 443
168 226
170 181
170 200
170 227
170 242
170 311
170 344
170 365
170 448
170 473
171 173
171 253
171 296
171 352
171 370
171 388
171 404
171 450
171 455
171 498
172 191
173 462
174 272
174 423
174 437
175 196
175 202
175 259
175 261
175 324
175 344
175 354
175 409
175 451
175 458
176 260
176 323
177 228
177 234
177 306
178 233
178 386
179 180
179 294
179 430
180 254
180 269
180 297
181 324
181 338
181 343
181 411
181 413
181 457
181 463
183 228
183 355
184 266
184 284
184 311
184 327
184 343
184 355
184 360
184 380
184 418
184 458
185 188
185 226
185 256
185 293
185 298
185 304
185 327
185 417
186 369
186 381
187 259
188 323
188 374
188 491
189 499
190 191
190 403
191 218
191 327
191 422
192 198
192 379
192 400
192 488
193 444
193 464
193 471
195 239
195 243
196 260
196 291
196 383
197 211
197 239
197 444
197 465
198 221
198 273
199 251
199 366
200 305
200 326
200 356
200 407
200 453
200 458
201 244
201 262
201 432
201 472
202 262
202 489
203 204
203 273
203 358
203 369
203 410
203 436
204 289
204 332
205 210
205 232
205 388
205 484
206 225
207 276
207 348
207 461
207 469
207 491
208 227
208 278
208 497
209 220
209 233
209 251
209 272
209 299
209 323
209 324
209 398
209 410
209 436
209 454
209 457
210 241
210 257
210 265
210 272
210 358
210 389
210 447
210 476
210 492
211 270
211 285
211 288
211 346
211 498
212 233
212 281
212 367
212 381
212 454
213 231
213 245
213 320
213 365
215 228
215 278
215 280
215 325
216 252
216 264
216 299
216 360
216 377
216 458
218 322
219 459
220 354
220 427
220 482
221 275
221 324
221 335
221 374
222 273
222 329
223 372
223 374
223 441
223 442
223 447
223 451
224 263
224 308
224 443
224 459
225 229
225 292
225 456
225 470
225 490
226 282
226 286
226 294
226 339
226 416
226 470
227 315
227 395
228 488
229 271
229 290
229 341
229 376
229 387
229 415
229 426
229 447
229 450
230 246
231 253
231 288
231 298
231 413
232 289
232 326
233 256
234 240
234 292
234 294
234 411
235 388
236 302
237 255
237 285
237 287
237 305
238 487
239 293
239 334
239 396
241 373
241 401
242 246
243 317
245 247
245 293
245 349
245 364
246 317
246 349
246 379
247 283
247 291
247 370
247 376
247 397
247 474
247 475
247 496
248 309
248 489
249 282
249 315
251 302
251 458
251 494
252 359
252 424
255 381
255 384
256 332
256 353
256 420
257 360
257 395
258 373
259 342
259 353
259 359
260 267
260 384
260 433
260 468
260 475
261 303
261 433
262 303
262 447
263 272
263 433
264 437
264 477
265 392
265 457
265 499
267 295
267 299
267 417
268 306
268 371
268 497
269 271
269 383
269 477
270 320
270 336
270 498
271 306
271 334
271 484
271 492
272 340
272 389
273 303
273 304
274 384
276 322
276 456
276 474
276 488
277 354
277 361
277 483
278 341
278 356
278 428
278 491
279 415
280 441
280 469
282 335
282 414
282 420
282 477
283 292
283 315
283 333
283 406
284 307
284 312
284 447
284 495
285 362
286 346
286 377
286 471
287 393
287 449
287 467
288 293
288 460
289 300
289 312
289 317
289 371
289 422
289 428
291 323
291 372
291 393
292 433
294 310
294 427
295 436
296 310
296 348
297 415
297 445
299 472
300 489
301 341
302 349
302 367
303 308
305 441
307 313
307 402
307 426
309 342
309 357
309 493
310 356
310 417
310 423
310 440
312 374
312 434
313 488
314 323
314 357
314 377
315 370
315 428
316 421
317 387
317 428
317 429
319 396
319 498
320 464
321 429
323 419
324 338
324 377
325 412
326 459
327 394
329 390
330 407
330 478
330 481
331 407
331 416
332 361
332 395
332 426
332 455
332 482
333 391
333 399
335 370
335 469
336 371
336 397
336 408
336 418
339 399
339 427
339 442
339 463
340 464
340 489
343 380
345 346
345 369
345 378
345 389
346 355
346 463
347 486
348 394
348 472
349 442
353 385
353 388
355 495
357 373
357 387
357 415
359 364
359 446
360 386
361 444
361 499
363 391
363 411
363 466
363 473
364 395
364 423
366 424
366 480
367 450
368 404
369 396
371 452
371 471
372 422
372 435
373 403
376 400
376 411
376 439
376 482
377 436
378 397
379 425
380 422
381 406
381 463
382 456
382 470
383 461
383 489
384 495
386 398
387 454
387 498
388 395
388 399
389 403
389 449
390 428
390 482
390 484
391 475
392 480
392 484
393 410
393 414
394 462
394 466
396 425
397 408
400 430
403 418
404 461
405 490
406 483
409 445
412 423
412 487
413 497
417 453
418 453
418 456
419 422
425 438
426 469
427 469
436 467
438 488
438 492
440 478
448 457
448 490
449 476
452 463
472 476
473 499
476 485
478 480
491 492
