0 3
1 2
1 3
2 3
3 4
5 8
5 12
5 13
6 7
6 8
6 13
7 8
7 12
8 9
8 10
8 12
9 12
9 13
10 11
11 12
12 13
14 17
14 21
14 22
14 23
15 16
15 17
15 22
16 17
16 21
17 18
17 19
17 21
17 23
18 21
18 22
19 20
20 21
21 22
22 23
25 26
27 32
27 61
27 63
28 55
28 57
29 33
29 35
29 42
30 31
30 40
30 56
30 59
30 66
31 32
31 39
31 40
31 49
31 67
32 36
32 39
32 41
32 59
32 62
33 66
34 40
34 67
35 38
35 39
35 61
36 38
36 45
36 52
36 58
37 47
37 59
38 42
39 50
40 41
40 43
40 55
40 56
40 64
41 43
41 44
41 45
41 47
41 52
41 55
42 47
42 48
42 53
42 66
43 45
43 47
44 55
44 64
45 56
46 54
46 58
47 50
47 61
47 62
47 65
48 49
48 55
48 58
49 52
49 55
50 56
50 60
50 62
51 62
52 53
52 55
53 56
53 65
53 68
54 55
55 57
55 62
55 63
55 64
56 65
59 62
59 65
60 64
60 68
61 68
62 68
64 68
65 66
69 72
69 73
69 78
69 79
70 72
70 73
70 78
70 80
71 74
71 75
71 77
71 80
71 84
72 77
72 81
73 77
73 79
74 76
74 78
74 81
74 83
74 86
75 76
75 81
75 82
76 77
76 84
77 78
77 82
78 80
78 82
78 83
78 85
78 86
79 82
79 84
80 85
83 85
87 99
87 100
87 110
87 114
87 119
88 91
88 92
88 99
88 103
88 104
88 107
88 113
89 91
89 98
89 102
89 113
90 92
90 94
90 98
90 99
90 101
90 102
90 116
90 119
90 120
91 115
91 118
91 119
92 95
92 98
92 108
92 112
92 113
93 97
93 111
94 97
94 100
94 110
94 119
96 100
96 105
97 117
97 119
98 103
98 108
99 106
99 115
99 119
100 105
100 113
101 105
101 107
101 115
102 103
102 105
102 112
103 112
104 113
105 109
105 117
106 112
106 118
107 120
108 110
108 113
109 111
109 112
109 114
110 112
110 113
110 120
112 115
112 117
114 115
119 120
121 125
121 126
121 128
121 133
121 135
121 144
122 125
122 129
122 132
122 134
123 126
123 132
123 138
124 131
124 138
124 143
125 131
125 132
125 138
126 133
126 136
126 139
126 142
126 145
127 131
128 130
128 133
128 140
129 130
129 136
129 144
129 145
129 147
130 144
130 146
131 136
131 147
132 135
132 144
132 145
133 134
133 140
134 145
134 147
135 144
136 137
136 144
136 145
137 138
137 139
137 141
137 143
137 146
137 148
138 142
138 144
139 144
140 141
142 144
143 146
144 148
145 146
149 152
149 156
149 157
149 158
149 159
150 151
150 152
150 157
151 152
151 156
152 153
152 154
152 156
152 158
153 156
153 157
154 155
154 159
155 156
156 157
157 158
158 159
160 171
160 176
160 178
161 164
161 165
161 173
161 182
161 185
161 189
162 164
162 167
162 170
163 165
163 168
163 170
163 176
163 179
163 184
165 171
165 172
165 176
165 183
166 171
166 175
166 180
166 187
167 170
167 174
167 182
168 170
168 171
168 173
168 174
168 187
168 190
169 185
169 189
171 172
172 177
172 180
172 184
173 184
173 185
174 178
175 177
175 179
175 184
175 189
176 177
177 185
177 186
178 181
178 184
178 187
179 183
179 184
179 185
179 190
180 182
180 187
181 184
181 190
182 184
182 185
182 190
184 187
184 189
185 186
185 190
188 190
194 195
198 201
199 200
199 201
200 201
201 202
203 206
204 205
204 206
205 206
206 207
206 208
209 212
210 211
210 212
211 212
213 223
213 233
213 234
214 216
214 217
214 219
214 220
214 222
214 224
214 228
214 230
215 216
215 222
215 223
215 226
215 228
215 229
215 234
216 217
216 224
216 228
217 222
217 232
218 221
218 225
218 230
218 233
219 221
219 225
219 231
220 223
220 234
221 222
221 224
221 226
222 231
222 232
223 226
223 229
223 234
224 226
224 233
225 228
225 233
226 227
226 231
226 234
227 233
228 234
229 233
230 233
230 234
232 233
235 238
236 237
236 238
237 238
238 239
238 240
241 244
242 243
242 244
243 244
245 248
245 252
245 253
245 254
246 247
246 248
246 253
247 248
247 252
248 249
248 250
248 252
248 254
249 252
249 253
250 251
251 252
252 253
253 254
257 263
257 269
258 260
258 261
258 266
258 270
259 260
259 265
259 267
259 268
260 261
260 265
260 270
260 272
260 276
261 266
261 270
262 263
262 266
262 271
262 273
263 265
263 266
263 267
264 265
264 269
264 271
264 272
264 275
264 276
265 267
265 271
266 271
266 273
266 274
267 268
269 274
269 275
270 276
271 272
271 276
273 274
273 276
275 276
279 286
279 292
279 293
279 325
280 288
281 284
281 285
281 292
281 311
281 312
282 284
282 313
283 330
284 296
284 307
285 289
285 316
285 317
285 322
285 323
285 326
286 295
286 299
286 304
286 326
287 297
287 305
287 320
287 330
288 292
288 293
288 297
288 308
288 318
288 325
289 292
289 293
289 295
289 322
290 298
290 303
290 325
291 294
291 299
291 301
291 310
291 325
292 293
292 310
292 314
292 318
292 320
292 323
292 326
292 329
293 318
293 325
293 329
294 299
294 307
294 311
295 309
295 313
295 314
295 323
296 301
296 310
298 301
298 316
298 318
300 301
300 308
300 311
300 322
300 330
301 302
301 310
301 314
301 319
301 321
302 304
302 310
302 318
302 330
305 306
305 318
305 320
305 325
306 309
306 310
306 311
307 313
308 310
308 316
308 317
309 311
309 321
309 329
309 330
310 313
312 320
312 327
313 321
317 321
317 328
317 330
322 327
323 329
324 325
331 334
331 335
331 340
331 341
332 334
332 335
332 340
332 342
333 336
333 337
333 339
333 342
333 346
334 339
334 343
335 339
335 341
336 338
336 340
336 343
336 345
336 348
337 338
337 343
337 344
338 339
338 346
339 340
339 344
340 342
340 344
340 345
340 347
340 348
341 344
341 346
342 347
345 347
350 351
354 360
354 361
354 363
354 365
354 371
354 372
355 357
355 358
355 366
356 357
356 363
356 366
356 373
356 374
357 358
357 362
357 372
357 374
358 362
358 364
358 365
358 367
359 374
360 363
360 367
360 370
361 362
361 363
361 367
361 372
361 374
362 363
362 364
362 369
362 374
363 368
364 366
364 374
365 368
365 373
365 374
366 368
366 370
367 368
367 369
367 374
369 372
369 373
372 374
375 378
375 379
375 380
375 382
376 378
376 382
376 383
376 389
377 378
377 383
377 384
377 385
377 386
377 388
378 382
378 383
378 384
378 385
379 380
379 382
379 386
379 387
379 389
380 382
380 386
380 388
381 384
381 387
382 383
382 387
383 385
383 387
385 388
390 393
390 394
390 398
390 400
390 403
391 393
391 394
391 396
391 398
391 403
392 395
392 399
392 403
393 397
393 401
394 397
394 398
395 398
395 399
395 404
396 397
396 398
396 399
396 400
397 400
397 401
399 401
399 403
400 401
400 402
400 404
401 405
402 403
403 404
403 405
406 409
406 410
406 415
406 416
407 409
407 410
407 415
407 417
408 411
408 412
408 414
408 417
408 421
409 414
409 418
410 414
410 416
411 413
411 415
411 418
411 420
411 423
412 413
412 418
412 419
413 414
413 421
414 415
414 419
415 417
415 419
415 420
415 422
415 423
416 419
416 421
417 422
420 422
426 429
427 428
427 429
428 429
429 430
429 431
434 438
434 439
434 443
434 445
435 444
435 446
435 456
436 437
436 438
436 440
436 441
436 444
436 448
436 452
436 454
437 443
437 453
438 443
438 444
438 455
439 445
439 448
440 443
440 448
440 453
441 442
441 445
441 451
441 456
442 447
442 454
443 449
443 450
444 446
444 456
444 457
445 446
445 453
445 455
446 449
446 455
447 449
447 456
448 449
448 450
448 451
448 455
449 456
450 455
450 457
451 455
451 456
453 454
453 455
454 455
455 457
456 457
458 461
458 465
458 466
458 467
458 468
459 460
459 461
459 466
459 469
460 461
460 465
460 469
461 462
461 463
461 465
461 467
462 465
462 466
463 464
463 468
464 465
465 466
466 467
467 468
470 473
471 472
471 473
472 473
473 474
477 480
478 479
478 480
479 480
480 481
482 485
483 484
483 485
484 485
485 486
487 490
487 491
487 495
487 497
487 500
488 490
488 491
488 493
488 495
488 500
489 492
489 496
489 500
490 494
490 498
491 494
491 495
492 495
492 496
492 501
493 494
493 495
493 496
493 497
494 497
494 498
496 498
496 500
497 498
497 499
497 501
498 502
499 500
500 501
500 502
503 506
503 510
503 511
503 512
503 513
503 515
504 505
504 506
504 511
504 514
505 506
505 510
505 514
505 515
506 507
506 508
506 510
506 512
506 515
507 510
507 511
507 515
508 509
508 513
509 510
510 511
511 512
512 513
513 515
516 520
516 526
516 531
517 520
517 521
517 526
517 527
517 539
517 540
517 541
518 528
518 539
519 520
519 526
519 531
519 538
520 522
520 525
520 528
520 535
520 539
521 523
521 525
521 531
521 539
522 530
522 537
523 536
523 539
523 541
524 526
524 527
524 529
525 526
525 529
525 532
525 534
525 538
525 541
526 528
526 533
526 536
528 532
528 537
529 532
530 532
530 539
531 536
532 533
533 534
533 538
533 539
533 541
534 538
534 540
535 541
536 538
536 539
538 539
538 541
541 542
543 546
543 550
544 545
544 546
545 546
545 550
546 547
546 548
546 550
547 550
548 549
549 550
553 556
553 557
553 558
553 560
554 556
554 560
554 561
554 567
555 556
555 561
555 562
555 563
555 564
555 566
556 560
556 561
556 562
556 563
557 558
557 560
557 564
557 565
557 567
558 560
558 564
558 566
559 562
559 565
560 561
560 565
561 563
561 565
563 566
568 571
568 572
568 577
568 578
569 571
569 572
569 577
569 579
570 573
570 574
570 576
570 579
570 583
571 576
571 580
572 576
572 578
573 575
573 577
573 580
573 582
573 585
574 575
574 580
574 581
575 576
575 583
576 577
576 581
577 579
577 581
577 582
577 584
577 585
578 581
578 583
579 584
582 584
586 589
586 593
586 594
586 595
587 588
587 589
587 594
588 589
588 593
589 590
589 591
589 593
589 595
590 593
590 594
591 592
592 593
593 594
594 595
596 599
596 600
596 605
596 606
597 599
597 600
597 605
597 607
598 601
598 602
598 604
598 607
598 611
599 604
599 608
600 604
600 606
601 603
601 605
601 608
601 610
601 613
602 603
602 608
602 609
603 604
603 611
604 605
604 609
605 607
605 609
605 610
605 612
605 613
606 609
606 611
607 612
610 612
614 617
614 621
614 622
615 616
615 617
615 622
616 617
616 621
617 618
617 619
617 621
618 621
618 622
619 620
620 621
621 622
623 626
623 630
623 631
624 625
624 626
624 631
625 626
625 630
626 627
626 628
626 630
627 630
627 631
628 629
629 630
630 631
632 635
633 634
633 635
634 635
635 636
635 637
637 638
645 648
645 652
645 653
645 654
645 655
645 657
646 647
646 648
646 653
646 656
647 648
647 652
647 656
647 657
648 649
648 650
648 652
648 654
648 657
649 652
649 653
649 657
650 651
650 655
651 652
652 653
653 654
654 655
655 657
658 661
659 660
659 661
660 661
661 662
663 666
663 670
663 671
664 665
664 666
664 671
665 666
665 670
666 667
666 668
666 670
667 670
667 671
668 669
669 670
670 671
672 676
672 677
672 679
672 682
672 700
673 676
673 680
673 684
673 686
673 695
673 696
674 677
674 683
674 686
674 689
674 693
674 696
675 683
675 685
675 690
675 691
675 694
676 682
677 682
677 683
677 689
677 696
678 689
678 693
678 698
679 682
679 684
679 687
679 689
679 695
679 700
680 681
680 698
681 684
682 687
682 690
682 694
684 687
684 691
684 693
684 696
685 686
685 700
687 695
687 696
688 695
689 691
689 697
689 698
690 695
690 696
691 698
692 696
693 695
693 700
694 695
695 696
695 698
696 697
701 704
702 703
702 704
703 704
705 708
706 707
706 708
707 708
708 709
708 710
710 711
712 715
712 716
712 720
712 724
712 725
712 728
713 715
713 716
713 718
713 720
713 722
713 724
714 717
714 721
714 725
714 726
714 727
714 728
715 719
715 725
716 719
716 720
716 723
716 725
717 720
717 721
717 728
718 719
718 720
718 721
719 722
720 722
720 726
721 723
723 725
724 728
725 726
729 732
730 731
730 732
731 732
735 738
736 737
736 738
737 738
738 739
741 742
743 754
743 755
743 762
743 763
743 768
743 769
743 774
744 747
744 748
744 768
745 747
745 750
745 754
745 756
745 761
745 765
745 767
745 773
746 748
746 759
746 761
746 766
746 768
746 769
746 771
746 774
747 751
747 753
747 756
747 761
747 768
748 753
748 770
749 765
749 774
750 759
750 762
750 768
751 754
751 755
751 772
751 774
752 753
752 754
752 758
752 759
752 767
753 757
753 763
753 766
754 756
754 757
755 765
755 770
757 770
758 768
759 760
759 763
759 772
759 773
761 767
762 767
762 768
764 767
765 772
766 768
766 769
767 770
769 770
770 773
772 773
772 774
775 781
775 787
776 778
776 779
776 784
776 788
777 778
777 783
777 785
777 786
778 779
778 783
778 788
778 790
778 794
779 784
779 788
780 781
780 784
780 789
780 791
781 783
781 784
781 785
782 783
782 787
782 789
782 790
782 793
782 794
783 785
783 789
784 789
784 791
784 792
785 786
787 792
787 793
788 794
789 790
789 794
791 792
791 794
793 794
795 798
795 802
795 803
795 804
795 805
795 807
796 797
796 798
796 803
796 806
797 798
797 802
797 806
797 807
798 799
798 800
798 802
798 804
798 807
799 802
799 803
799 807
800 801
800 805
801 802
802 803
803 804
804 805
805 807
808 812
808 813
808 820
808 822
808 824
808 825
809 818
809 830
810 811
810 812
810 817
810 830
810 831
811 814
811 817
811 821
811 824
811 828
812 815
812 819
812 821
812 824
812 830
812 831
813 818
813 820
813 824
813 832
814 818
814 825
814 830
814 831
815 817
815 822
815 826
815 830
816 817
816 818
817 819
817 830
818 822
818 829
818 830
819 822
819 832
820 826
820 830
821 828
821 832
822 827
823 829
824 825
825 827
826 830
827 828
829 830
829 832
830 831
830 832
833 839
833 845
834 836
834 837
834 842
834 846
835 836
835 841
835 843
835 844
836 837
836 841
836 846
836 848
836 852
837 842
837 846
838 839
838 842
838 847
838 849
839 841
839 842
839 843
840 841
840 845
840 847
840 848
840 851
840 852
841 843
841 847
842 847
842 849
842 850
843 844
845 850
845 851
846 852
847 848
847 852
849 850
849 852
851 852
854 855
856 860
856 866
856 871
857 860
857 861
857 866
857 867
857 879
857 880
857 881
858 868
858 879
859 860
859 866
859 871
859 878
860 862
860 865
860 868
860 875
860 879
861 863
861 865
861 871
861 879
862 870
862 877
863 876
863 879
863 881
864 866
864 867
864 869
865 866
865 869
865 872
865 874
865 878
865 881
866 868
866 873
866 876
868 872
868 877
869 872
870 872
870 879
871 876
872 873
873 874
873 878
873 879
873 881
874 878
874 880
875 881
876 878
876 879
878 879
878 881
881 882
883 886
883 890
883 891
883 892
884 885
884 886
884 891
885 886
885 890
886 887
886 888
886 890
886 892
887 890
887 891
888 889
889 890
890 891
891 892
893 899
893 905
894 896
894 897
894 902
894 906
895 896
895 901
895 903
895 904
896 897
896 901
896 906
896 908
896 912
897 902
897 906
898 899
898 902
898 907
898 909
899 901
899 902
899 903
900 901
900 905
900 907
900 908
900 911
900 912
901 903
901 907
902 907
902 909
902 910
903 904
905 910
905 911
906 912
907 908
907 912
909 910
909 912
911 912
913 917
913 918
913 920
913 925
913 927
913 936
914 917
914 921
914 924
914 926
915 918
915 924
915 930
916 923
916 930
916 935
917 923
917 924
917 930
918 925
918 928
918 931
918 934
918 937
919 923
920 922
920 925
920 932
921 922
921 928
921 936
921 937
921 939
922 936
922 938
923 928
923 939
924 927
924 936
924 937
925 926
925 932
926 937
926 939
927 936
928 929
928 936
928 937
929 930
929 931
929 933
929 935
929 938
929 940
930 934
930 936
931 936
932 933
934 936
935 938
936 940
937 938
941 944
942 943
942 944
943 944
944 945
948 951
949 950
949 951
950 951
952 955
953 954
953 955
954 955
955 956
955 957
957 958
959 965
959 966
959 968
959 970
959 976
959 977
960 962
960 963
960 971
961 962
961 968
961 971
961 978
961 979
962 963
962 967
962 977
962 979
963 967
963 969
963 970
963 972
964 979
965 968
965 972
965 975
966 967
966 968
966 972
966 977
966 979
967 968
967 969
967 974
967 979
968 973
969 971
969 979
970 973
970 978
970 979
971 973
971 975
972 973
972 974
972 979
974 977
974 978
977 979
980 986
980 992
981 983
981 984
981 989
981 993
982 983
982 988
982 990
982 991
983 984
983 988
983 993
983 995
983 999
984 989
984 993
985 986
985 989
985 994
985 996
986 988
986 989
986 990
987 988
987 992
987 994
987 995
987 998
987 999
988 990
988 994
989 994
989 996
989 997
990 991
992 997
992 998
993 999
994 995
994 999
996 997
996 999
998 999
