0 3
1 2
1 3
2 3
3 4
3 5
6 12
6 18
6 20
6 33
6 36
7 15
7 17
7 28
7 38
8 10
8 11
8 17
8 34
8 36
8 41
9 10
9 20
9 33
9 42
10 33
11 25
12 13
12 18
12 19
12 30
13 17
13 18
13 23
13 31
13 32
13 33
13 35
13 36
14 17
14 26
14 28
14 39
15 18
15 25
15 42
16 25
16 27
17 20
17 23
17 25
17 38
17 39
18 21
18 22
18 39
18 41
18 42
19 21
19 23
20 40
21 35
21 42
22 26
22 33
22 37
22 39
23 29
23 35
23 41
24 32
25 32
25 39
26 33
28 29
28 30
28 32
28 39
28 42
30 31
30 33
31 32
31 37
31 42
32 33
32 34
33 38
38 40
39 42
43 46
43 47
43 51
43 53
43 56
44 46
44 47
44 49
44 51
44 56
45 48
45 52
45 56
46 50
46 54
47 50
47 51
48 51
48 52
48 57
49 50
49 51
49 52
49 53
50 53
50 54
52 54
52 56
53 54
53 55
53 57
54 58
55 56
56 57
56 58
59 62
59 66
59 67
59 68
59 69
60 61
60 62
60 67
61 62
61 66
62 63
62 64
62 66
62 68
63 66
63 67
64 65
64 69
65 66
66 67
67 68
68 69
71 72
74 75
78 82
78 83
78 90
78 92
78 94
78 95
79 88
79 100
80 81
80 82
80 87
80 100
80 101
81 84
81 87
81 91
81 94
81 98
82 85
82 89
82 91
82 94
82 100
82 101
83 88
83 90
83 94
83 102
84 88
84 95
84 100
84 101
85 87
85 92
85 96
85 100
86 87
86 88
87 89
87 100
88 92
88 99
88 100
89 92
89 102
90 96
90 100
91 98
91 102
92 97
93 99
94 95
95 97
96 100
97 98
99 100
99 102
100 101
100 102
103 106
103 110
103 111
103 112
103 113
104 105
104 106
104 111
104 114
105 106
105 110
105 114
106 107
106 108
106 110
106 112
107 110
107 111
108 109
108 113
109 110
110 111
111 112
112 113
115 118
115 119
115 120
115 122
116 118
116 122
116 123
116 129
117 118
117 123
117 124
117 125
117 126
117 128
118 122
118 123
118 124
118 125
119 120
119 122
119 126
119 127
119 129
120 122
120 126
120 128
121 124
121 127
122 123
122 127
123 125
123 127
125 128
132 137
132 138
132 145
132 158
132 170
133 137
133 144
133 148
133 159
133 172
134 144
134 149
134 151
134 153
134 161
135 138
135 149
135 150
135 153
135 154
135 162
135 164
136 140
136 147
136 151
136 160
136 168
136 171
137 153
137 164
137 167
138 161
139 147
139 156
139 161
139 166
139 168
140 141
140 144
140 145
140 155
140 162
140 168
141 144
141 145
141 158
142 146
142 161
143 159
143 162
143 170
143 171
144 145
144 161
144 168
144 169
145 154
145 160
145 163
145 174
147 150
147 162
147 171
148 161
148 168
149 152
149 170
150 166
150 171
151 164
151 168
152 157
153 164
153 174
154 155
154 174
155 174
156 163
156 167
156 172
157 174
158 160
158 164
159 160
159 161
159 166
159 171
162 172
163 171
165 169
165 172
167 174
175 185
175 195
175 196
176 178
176 179
176 181
176 182
176 184
176 186
176 190
176 192
177 178
177 184
177 185
177 188
177 190
177 191
177 196
178 179
178 186
178 190
179 184
179 194
180 183
180 187
180 192
180 195
181 183
181 187
181 193
182 185
182 196
183 184
183 186
183 188
184 193
184 194
185 188
185 191
185 196
186 188
186 195
187 190
187 195
188 189
188 193
188 196
189 195
190 196
191 195
192 195
192 196
194 195
198 199
201 202
204 205
206 209
207 208
207 209
208 209
209 210
211 214
211 218
211 219
212 213
212 214
212 219
213 214
213 218
214 215
214 216
214 218
215 218
215 219
216 217
217 218
218 219
220 223
221 222
221 223
222 223
223 224
223 225
225 226
227 230
228 229
228 230
229 230
230 231
232 235
232 239
232 240
232 241
232 242
233 234
233 235
233 240
233 243
234 235
234 239
234 243
235 236
235 237
235 239
235 241
236 239
236 240
237 238
237 242
238 239
239 240
240 241
241 242
246 249
247 248
247 249
248 249
249 250
251 254
252 253
252 254
253 254
254 255
254 256
257 260
257 264
258 259
258 260
259 260
259 264
260 261
260 262
260 264
261 264
262 263
263 264
265 271
265 275
266 268
266 269
266 273
266 279
266 280
267 268
267 273
267 274
267 279
267 282
268 269
268 274
268 277
268 279
268 281
268 283
269 274
269 275
269 282
270 271
270 273
270 275
271 273
271 276
272 273
272 276
273 277
273 280
273 282
274 275
275 277
276 277
276 279
276 283
277 278
279 280
280 283
281 282
285 286
287 290
287 294
287 295
288 289
288 290
288 295
289 290
289 294
290 291
290 292
290 294
291 294
291 295
292 293
293 294
294 295
296 299
296 303
296 304
296 305
296 306
297 298
297 299
297 304
298 299
298 303
299 300
299 301
299 303
299 305
300 303
300 304
301 302
301 306
302 303
303 304
304 305
305 306
309 312
309 316
309 317
309 318
309 319
310 311
310 312
310 317
310 320
311 312
311 316
311 320
312 313
312 314
312 316
312 318
313 316
313 317
314 315
314 319
315 316
316 317
317 318
318 319
322 323
326 332
326 335
326 337
327 337
327 345
327 361
328 330
328 331
328 340
329 330
329 348
329 357
329 359
330 343
330 346
331 333
331 338
331 339
331 345
331 355
332 337
332 338
332 345
332 347
332 359
333 337
333 345
333 353
333 355
334 338
334 343
334 359
335 352
336 337
336 340
336 341
336 342
336 343
336 352
337 341
337 349
337 353
338 339
338 346
338 357
339 352
340 350
340 358
341 349
341 351
341 353
342 352
342 354
343 347
343 352
343 353
343 360
344 355
345 357
346 352
346 353
346 355
347 352
347 360
348 349
348 350
348 361
349 351
350 352
350 355
351 354
353 358
354 361
355 357
356 358
356 360
357 358
357 361
358 359
360 361
362 367
363 377
363 387
364 368
364 370
364 400
365 366
365 375
365 390
365 391
366 367
366 374
366 375
366 376
366 390
366 397
367 371
367 374
367 385
367 396
368 382
368 387
368 388
368 393
369 375
369 380
369 390
369 397
370 373
370 374
370 391
370 393
370 397
370 400
371 373
371 389
371 395
372 377
372 382
372 383
372 399
373 378
373 380
373 382
373 390
373 398
373 400
374 376
374 378
374 379
374 382
374 390
374 397
375 380
375 385
375 391
376 384
376 387
376 400
377 390
377 397
377 399
378 388
378 391
379 390
379 392
380 389
380 397
380 401
381 383
381 391
381 395
383 390
383 393
384 400
385 393
385 396
385 401
387 400
388 401
389 392
389 395
390 393
393 398
396 400
397 398
403 409
403 415
404 406
404 407
404 412
404 416
405 406
405 411
405 413
405 414
406 407
406 411
406 416
406 418
406 422
407 412
407 416
408 409
408 412
408 417
408 419
409 411
409 412
409 413
410 411
410 415
410 417
410 418
410 421
410 422
411 413
411 417
412 417
412 419
412 420
413 414
415 420
415 421
416 422
417 418
417 422
419 420
419 422
421 422
423 426
424 425
424 426
425 426
426 427
430 433
430 437
430 438
430 439
430 440
430 442
431 432
431 433
431 438
431 441
431 443
432 433
432 437
432 441
432 442
433 434
433 435
433 437
433 439
433 442
434 437
434 438
434 442
435 436
435 440
436 437
436 443
437 438
438 439
439 440
440 442
440 443
444 447
445 446
445 447
446 447
447 448
447 449
449 450
453 456
453 460
453 461
454 455
454 456
454 461
455 456
455 460
456 457
456 458
456 460
457 460
457 461
458 459
459 460
460 461
464 468
464 469
464 471
464 474
464 492
465 468
465 472
465 476
465 478
465 487
465 488
466 469
466 475
466 478
466 481
466 485
466 488
467 475
467 477
467 482
467 483
467 486
468 474
469 474
469 475
469 481
469 488
470 481
470 485
470 490
471 474
471 476
471 479
471 481
471 487
471 492
472 473
472 490
473 476
474 479
474 482
474 486
476 479
476 483
476 485
476 488
477 478
477 492
479 487
479 488
480 487
481 483
481 489
481 490
482 487
482 488
483 490
484 488
485 487
485 492
486 487
487 488
487 490
488 489
493 496
494 495
494 496
495 496
498 499
