1 2
1 3
1 4
1 5
1 6
1 7
1 8
1 9
1 10
1 12
1 15
1 16
1 21
1 22
1 23
1 25
1 26
1 36
1 37
1 42
1 53
1 55
1 59
1 67
1 69
1 70
1 75
1 77
1 89
1 94
1 97
1 122
1 127
1 132
1 136
1 137
1 146
1 152
1 156
1 158
1 160
1 161
1 165
1 177
1 178
1 181
1 195
1 202
1 208
1 215
1 217
1 222
1 238
1 248
1 257
1 265
1 267
1 274
1 296
1 307
1 315
1 320
1 355
1 356
1 361
1 371
1 372
1 409
1 427
1 439
1 443
1 445
1 450
1 487
1 504
1 508
1 530
1 540
1 541
1 542
1 545
1 552
1 554
1 598
1 609
1 616
1 629
1 722
1 728
1 787
1 791
1 796
1 807
1 870
1 926
1 945
1 980
1 992
1 1014
1 1027
1 1038
1 1066
1 1074
1 1091
1 1094
1 1101
1 1158
1 1163
1 1170
1 1176
1 1177
1 1188
1 1330
1 1344
1 1370
1 1381
1 1393
1 1394
1 1397
1 1457
1 1495
2 6
2 7
2 8
2 10
2 14
2 16
2 19
2 22
2 28
2 40
2 43
2 44
2 47
2 48
2 62
2 63
2 64
2 71
2 81
2 83
2 96
2 108
2 117
2 147
2 176
2 186
2 206
2 214
2 235
2 241
2 258
2 300
2 316
2 336
2 347
2 364
2 412
2 433
2 470
2 477
2 483
2 492
2 494
2 505
2 506
2 507
2 529
2 542
2 568
2 622
2 663
2 707
2 713
2 720
2 783
2 795
2 803
2 826
2 846
2 944
2 1007
2 1016
2 1083
2 1215
2 1338
2 1440
2 1496
3 6
3 7
3 8
3 9
3 12
3 13
3 14
3 15
3 17
3 18
3 19
3 23
3 29
3 30
3 32
3 34
3 37
3 39
3 47
3 49
3 50
3 65
3 71
3 75
3 82
3 85
3 89
3 96
3 98
3 100
3 106
3 117
3 123
3 128
3 131
3 133
3 139
3 140
3 151
3 156
3 167
3 177
3 202
3 213
3 221
3 246
3 253
3 273
3 277
3 282
3 284
3 287
3 294
3 305
3 308
3 335
3 336
3 338
3 340
3 357
3 363
3 373
3 378
3 382
3 389
3 408
3 410
3 411
3 419
3 436
3 439
3 444
3 453
3 455
3 474
3 476
3 481
3 484
3 514
3 535
3 552
3 568
3 569
3 576
3 588
3 622
3 626
3 637
3 647
3 664
3 665
3 680
3 688
3 706
3 712
3 736
3 839
3 843
3 847
3 849
3 864
3 876
3 884
3 891
3 919
3 953
3 988
3 1021
3 1034
3 1050
3 1069
3 1085
3 1089
3 1120
3 1123
3 1129
3 1151
3 1154
3 1168
3 1172
3 1198
3 1223
3 1224
3 1328
3 1331
3 1361
3 1387
3 1417
3 1429
3 1459
3 1499
4 7
4 8
4 10
4 11
4 12
4 21
4 28
4 31
4 35
4 44
4 63
4 68
4 93
4 102
4 113
4 121
4 135
4 136
4 154
4 168
4 183
4 186
4 187
4 190
4 254
4 315
4 317
4 382
4 444
4 447
4 451
4 475
4 513
4 520
4 561
4 593
4 641
4 643
4 658
4 743
4 754
4 792
4 817
4 819
4 835
4 851
4 892
4 940
4 963
4 1181
4 1239
4 1251
4 1277
4 1330
4 1382
4 1391
4 1406
4 1490
5 6
5 9
5 11
5 23
5 24
5 27
5 30
5 31
5 37
5 41
5 51
5 55
5 80
5 81
5 106
5 140
5 147
5 148
5 155
5 159
5 186
5 192
5 206
5 213
5 247
5 273
5 289
5 295
5 314
5 358
5 367
5 396
5 401
5 412
5 413
5 420
5 425
5 436
5 460
5 485
5 497
5 610
5 663
5 668
5 675
5 684
5 691
5 716
5 729
5 735
5 760
5 801
5 836
5 844
5 883
5 885
5 1059
5 1061
5 1225
5 1228
5 1256
5 1294
5 1297
5 1372
5 1452
5 1474
5 1488
6 9
6 10
6 17
6 18
6 22
6 32
6 44
6 51
6 55
6 59
6 77
6 83
6 92
6 101
6 105
6 114
6 126
6 129
6 135
6 140
6 146
6 155
6 158
6 164
6 166
6 169
6 173
6 182
6 184
6 204
6 227
6 233
6 236
6 252
6 263
6 279
6 303
6 324
6 337
6 344
6 396
6 400
6 402
6 416
6 491
6 517
6 521
6 556
6 577
6 578
6 579
6 599
6 607
6 622
6 631
6 653
6 668
6 711
6 736
6 742
6 805
6 830
6 850
6 886
6 1036
6 1066
6 1082
6 1102
6 1103
6 1107
6 1121
6 1130
6 1171
6 1206
6 1248
6 1262
6 1295
6 1297
6 1375
6 1379
6 1384
6 1385
6 1422
6 1439
6 1456
7 13
7 15
7 16
7 20
7 25
7 31
7 32
7 33
7 35
7 39
7 43
7 46
7 50
7 52
7 54
7 55
7 56
7 57
7 66
7 80
7 126
7 132
7 158
7 175
7 191
7 199
7 247
7 249
7 252
7 262
7 263
7 270
7 277
7 282
7 292
7 295
7 326
7 336
7 343
7 363
7 413
7 424
7 428
7 458
7 459
7 475
7 483
7 495
7 516
7 609
7 621
7 624
7 644
7 650
7 654
7 670
7 718
7 737
7 763
7 768
7 775
7 796
7 819
7 873
7 932
7 965
7 1001
7 1028
7 1084
7 1102
7 1155
7 1164
7 1185
7 1203
7 1215
7 1239
7 1267
7 1293
7 1337
7 1425
7 1448
7 1454
7 1481
7 1493
8 12
8 17
8 18
8 27
8 32
8 46
8 78
8 79
8 86
8 151
8 168
8 191
8 198
8 215
8 234
8 245
8 252
8 278
8 286
8 301
8 377
8 383
8 408
8 409
8 411
8 515
8 534
8 555
8 567
8 573
8 698
8 725
8 738
8 778
8 948
8 977
8 1032
8 1041
8 1270
8 1282
8 1477
9 11
9 13
9 15
9 24
9 34
9 36
9 39
9 135
9 150
9 232
9 582
9 723
9 1011
9 1113
9 1140
9 1320
10 11
10 14
10 16
10 20
10 21
10 22
10 25
10 26
10 33
10 42
10 45
10 58
10 60
10 62
10 99
10 105
10 129
10 148
10 234
10 259
10 282
10 317
10 319
10 366
10 383
10 446
10 469
10 586
10 600
10 616
10 647
10 648
10 649
10 658
10 750
10 769
10 824
10 852
10 858
10 883
10 889
10 1026
10 1037
10 1050
10 1113
10 1134
10 1195
10 1222
10 1226
10 1280
10 1300
10 1375
11 13
11 38
11 60
11 82
11 87
11 103
11 121
11 138
11 157
11 190
11 211
11 227
11 245
11 255
11 299
11 322
11 332
11 358
11 452
11 533
11 538
11 579
11 580
11 582
11 664
11 693
11 697
11 750
11 765
11 774
11 817
11 879
11 910
11 922
11 1003
11 1016
11 1019
11 1038
11 1051
11 1053
11 1146
11 1189
11 1196
11 1197
11 1306
11 1319
11 1373
11 1380
11 1422
12 20
12 24
12 26
12 28
12 33
12 36
12 42
12 48
12 57
12 62
12 65
12 66
12 70
12 82
12 85
12 87
12 92
12 95
12 98
12 104
12 105
12 107
12 113
12 114
12 118
12 119
12 139
12 142
12 147
12 149
12 172
12 214
12 218
12 239
12 244
12 266
12 280
12 284
12 302
12 320
12 330
12 392
12 411
12 433
12 447
12 498
12 500
12 502
12 545
12 548
12 554
12 587
12 628
12 648
12 694
12 703
12 728
12 754
12 756
12 761
12 769
12 870
12 874
12 879
12 895
12 898
12 914
12 946
12 1048
12 1051
12 1080
12 1088
12 1128
12 1144
12 1169
12 1183
12 1200
12 1205
12 1273
12 1279
12 1312
12 1318
12 1351
12 1390
12 1412
12 1451
12 1481
12 1491
13 14
13 29
13 30
13 79
13 109
13 143
13 178
13 203
13 300
13 301
13 387
13 430
13 538
13 565
13 597
13 694
13 796
13 840
13 860
13 929
13 971
13 989
13 1040
13 1100
14 24
14 28
14 29
14 38
14 40
14 45
14 78
14 84
14 88
14 99
14 101
14 109
14 115
14 118
14 141
14 149
14 151
14 152
14 159
14 164
14 166
14 169
14 205
14 217
14 218
14 227
14 249
14 270
14 272
14 311
14 320
14 348
14 351
14 377
14 379
14 395
14 418
14 429
14 437
14 465
14 492
14 517
14 528
14 555
14 558
14 606
14 656
14 714
14 723
14 800
14 822
14 823
14 894
14 930
14 970
14 1003
14 1052
14 1225
14 1275
14 1391
14 1415
15 19
15 39
15 46
15 68
15 139
15 163
15 179
15 209
15 228
15 294
15 302
15 330
15 371
15 377
15 386
15 397
15 401
15 407
15 411
15 416
15 426
15 680
15 850
15 887
15 906
15 1344
15 1369
15 1420
15 1432
16 17
16 18
16 61
16 93
16 101
16 110
16 115
16 128
16 129
16 154
16 187
16 202
16 222
16 224
16 231
16 244
16 291
16 340
16 353
16 385
16 466
16 503
16 504
16 644
16 858
16 867
16 873
16 1025
16 1106
16 1170
16 1248
17 19
17 34
17 38
17 41
17 45
17 52
17 54
17 71
17 72
17 73
17 75
17 92
17 106
17 164
17 207
17 216
17 218
17 219
17 231
17 244
17 253
17 296
17 315
17 318
17 321
17 346
17 389
17 494
17 572
17 603
17 698
17 709
17 719
17 731
17 824
17 893
17 935
17 995
17 1116
17 1146
17 1163
17 1243
17 1392
17 1426
17 1431
17 1460
18 20
18 30
18 58
18 226
18 261
18 310
18 344
18 394
18 470
18 593
18 634
18 666
18 690
18 696
18 705
18 710
18 736
18 775
18 947
18 1119
18 1130
18 1147
18 1190
18 1227
18 1257
18 1283
18 1445
18 1449
19 36
19 44
19 47
19 50
19 54
19 57
19 68
19 127
19 145
19 165
19 172
19 201
19 225
19 383
19 385
19 423
19 446
19 459
19 467
19 505
19 575
19 584
19 602
19 655
19 713
19 804
19 824
19 844
19 1068
19 1157
19 1372
19 1414
19 1421
19 1460
19 1486
20 21
20 40
20 67
20 69
20 101
20 140
20 240
20 274
20 316
20 325
20 384
20 462
20 509
20 515
20 602
20 624
20 631
20 710
20 983
20 1020
20 1077
20 1304
20 1318
20 1355
20 1384
20 1396
20 1493
21 23
21 35
21 88
21 92
21 95
21 103
21 168
21 217
21 223
21 231
21 271
21 274
21 327
21 354
21 390
21 452
21 480
21 516
21 630
21 685
21 766
21 783
21 831
21 1063
21 1067
21 1184
21 1230
21 1253
21 1324
21 1337
21 1380
21 1419
21 1438
22 69
22 99
22 150
22 153
22 206
22 321
22 740
22 853
22 890
22 915
22 1115
22 1240
22 1389
23 27
23 52
23 104
23 133
23 170
23 210
23 223
23 273
23 278
23 323
23 427
23 538
23 606
23 767
23 801
23 813
23 854
23 916
23 1113
23 1197
23 1214
23 1358
23 1443
24 25
24 26
24 31
24 33
24 48
24 53
24 63
24 76
24 79
24 145
24 170
24 180
24 199
24 202
24 285
24 376
24 387
24 388
24 450
24 500
24 510
24 522
24 544
24 572
24 581
24 583
24 639
24 723
24 759
24 762
24 821
24 825
24 852
24 856
24 864
24 876
24 890
24 989
24 1072
24 1104
24 1142
24 1149
24 1232
24 1242
24 1250
24 1266
24 1271
24 1284
24 1292
24 1300
24 1360
24 1408
24 1421
25 27
25 72
25 100
25 138
25 212
25 228
25 251
25 260
25 463
25 471
25 522
25 558
25 588
25 730
25 1171
25 1322
25 1324
25 1411
25 1446
25 1478
26 117
26 136
26 152
26 192
26 659
26 660
26 872
26 1164
27 29
27 35
27 51
27 67
27 81
27 90
27 91
27 96
27 112
27 162
27 172
27 196
27 198
27 239
27 243
27 280
27 373
27 405
27 491
27 550
27 553
27 564
27 574
27 584
27 649
27 697
27 771
27 897
27 976
27 1035
27 1060
27 1354
27 1361
27 1497
28 41
28 43
28 45
28 47
28 48
28 67
28 77
28 86
28 90
28 151
28 155
28 178
28 184
28 189
28 220
28 250
28 264
28 290
28 297
28 332
28 358
28 394
28 406
28 415
28 421
28 455
28 517
28 526
28 540
28 549
28 604
28 642
28 662
28 675
28 677
28 678
28 706
28 727
28 732
28 757
28 836
28 837
28 847
28 861
28 925
28 930
28 934
28 996
28 1033
28 1054
28 1114
28 1168
28 1186
28 1352
28 1399
28 1406
29 60
29 63
29 64
29 73
29 77
29 80
29 86
29 132
29 150
29 187
29 241
29 260
29 282
29 286
29 400
29 476
29 511
29 655
29 662
29 665
29 671
29 777
29 801
29 846
29 881
29 1268
30 107
30 125
30 731
30 818
30 1057
30 1408
30 1440
31 34
31 127
31 134
31 144
31 228
31 284
31 369
31 386
31 425
31 459
31 464
31 502
31 529
31 544
31 705
31 863
31 998
31 1070
31 1094
31 1108
31 1368
31 1423
31 1464
32 41
32 53
32 76
32 93
32 102
32 104
32 148
32 207
32 238
32 249
32 255
32 256
32 308
32 310
32 326
32 395
32 401
32 490
32 557
32 574
32 632
32 638
32 684
32 877
32 1423
32 1438
32 1453
33 37
33 42
33 49
33 53
33 60
33 61
33 112
33 115
33 130
33 137
33 159
33 166
33 169
33 181
33 224
33 261
33 293
33 305
33 334
33 340
33 359
33 439
33 459
33 490
33 559
33 571
33 604
33 674
33 727
33 770
33 854
33 890
33 942
33 972
33 987
33 1005
33 1036
33 1056
33 1095
33 1157
33 1189
33 1322
33 1407
33 1423
34 40
34 46
34 56
34 59
34 76
34 88
34 98
34 110
34 145
34 161
34 190
34 215
34 264
34 293
34 301
34 353
34 355
34 406
34 461
34 544
34 585
34 653
34 657
34 668
34 687
34 759
34 793
34 838
34 853
34 903
34 1049
34 1145
34 1261
34 1285
34 1297
34 1357
34 1422
35 50
35 54
35 94
35 95
35 147
35 177
35 199
35 230
35 232
35 254
35 283
35 364
35 405
35 422
35 504
35 743
35 849
35 1106
35 1147
35 1154
35 1299
35 1309
35 1336
35 1361
36 38
36 49
36 68
36 69
36 87
36 97
36 105
36 112
36 125
36 243
36 279
36 329
36 331
36 419
36 434
36 539
36 566
36 615
36 773
36 880
36 1116
36 1138
36 1366
36 1432
36 1443
36 1454
37 56
37 65
37 91
37 102
37 164
37 176
37 281
37 337
37 367
37 416
37 432
37 523
37 554
37 667
37 744
37 982
37 1054
37 1109
37 1303
38 112
38 162
38 167
38 311
38 328
38 342
38 387
38 483
38 562
38 785
38 947
38 953
38 1000
38 1243
38 1277
38 1358
38 1450
39 94
39 124
39 213
39 225
39 262
39 278
39 327
39 482
39 484
39 546
39 628
39 699
39 727
39 788
39 949
39 1012
39 1122
39 1137
39 1158
39 1434
40 43
40 52
40 70
40 104
40 138
40 193
40 196
40 197
40 204
40 221
40 232
40 256
40 302
40 309
40 312
40 352
40 358
40 415
40 430
40 450
40 667
40 693
40 857
40 873
40 884
40 922
40 939
40 984
40 1090
40 1110
40 1290
40 1407
40 1420
40 1435
40 1489
41 110
41 172
41 173
41 203
41 209
41 253
41 323
41 330
41 367
41 933
41 1002
41 1010
41 1278
42 58
42 182
42 292
42 385
42 448
42 610
42 653
42 721
42 875
42 958
42 1045
42 1116
42 1161
42 1194
42 1441
43 61
43 74
43 109
43 152
43 175
43 182
43 184
43 308
43 410
43 473
43 579
43 670
43 840
43 984
43 1022
43 1060
43 1354
43 1436
44 51
44 56
44 66
44 73
44 102
44 111
44 124
44 131
44 159
44 167
44 244
44 267
44 292
44 357
44 435
44 467
44 539
44 541
44 551
44 615
44 629
44 660
44 698
44 781
44 815
44 828
44 847
44 868
44 872
44 1263
44 1277
45 90
45 143
45 288
45 293
45 348
45 878
45 991
45 1113
45 1153
45 1203
45 1250
45 1387
46 49
46 61
46 64
46 84
46 98
46 108
46 128
46 139
46 168
46 171
46 179
46 257
46 279
46 292
46 301
46 312
46 326
46 331
46 334
46 356
46 427
46 456
46 484
46 562
46 614
46 648
46 658
46 700
46 705
46 708
46 721
46 733
46 743
46 747
46 756
46 787
46 819
46 852
46 860
46 880
46 887
46 901
46 913
46 947
46 966
46 1028
46 1079
46 1085
46 1091
46 1123
46 1134
46 1178
46 1207
46 1221
46 1227
46 1237
46 1242
46 1274
46 1276
46 1335
46 1382
46 1387
46 1439
47 71
47 78
47 109
47 124
47 165
47 188
47 197
47 290
47 364
47 365
47 382
47 454
47 472
47 619
47 633
47 644
47 668
47 737
47 755
47 765
47 771
47 888
47 912
47 977
47 1008
47 1037
47 1101
47 1153
47 1218
47 1290
47 1469
48 57
48 64
48 113
48 114
48 132
48 133
48 142
48 150
48 161
48 192
48 203
48 226
48 242
48 321
48 582
48 708
48 797
48 809
48 814
48 832
48 918
48 1122
48 1411
48 1485
48 1490
49 83
49 90
49 95
49 103
49 127
49 141
49 148
49 174
49 191
49 392
49 393
49 437
49 481
49 491
49 532
49 592
49 617
49 649
49 800
49 888
49 890
49 917
49 919
49 952
49 1023
49 1070
49 1106
49 1167
49 1258
49 1295
49 1352
49 1375
49 1383
50 81
50 116
50 486
50 518
50 693
50 1098
50 1303
51 115
51 144
51 170
51 205
51 549
51 831
51 1258
51 1343
52 73
52 113
52 157
52 200
52 220
52 238
52 277
52 303
52 311
52 416
52 424
52 432
52 486
52 497
52 506
52 686
52 715
52 892
52 918
52 919
52 937
52 993
53 58
53 66
53 72
53 100
53 120
53 122
53 128
53 141
53 146
53 154
53 155
53 171
53 198
53 221
53 390
53 422
53 448
53 499
53 661
53 664
53 748
53 884
53 996
53 1151
53 1168
53 1187
53 1321
53 1367
53 1426
53 1435
54 99
54 208
54 216
54 366
54 403
54 501
54 640
54 764
54 844
54 958
54 1086
54 1158
54 1250
54 1279
55 82
55 87
55 388
55 403
55 464
55 811
55 989
56 86
56 120
56 211
56 304
56 500
56 978
56 1042
56 1242
56 1383
57 114
57 121
57 133
57 208
57 313
57 333
57 370
57 799
57 1023
57 1194
57 1224
57 1390
58 59
58 65
58 110
58 210
58 237
58 242
58 324
58 338
58 341
58 375
58 419
58 442
58 527
58 532
58 834
58 845
58 898
58 914
58 917
58 954
58 979
58 1141
58 1227
58 1424
58 1427
59 62
59 74
59 79
59 134
59 142
59 247
59 362
59 390
59 418
59 595
59 627
59 753
59 1137
59 1156
59 1418
60 70
60 74
60 107
60 258
60 324
60 326
60 328
60 380
60 412
60 431
60 471
60 474
60 598
60 680
60 740
60 894
60 909
60 968
60 1014
60 1025
60 1065
60 1084
60 1411
60 1430
61 91
61 97
61 119
61 125
61 176
61 201
61 229
61 267
61 391
61 407
61 811
61 1021
61 1139
61 1222
61 1247
61 1448
61 1459
62 97
62 116
62 119
62 120
62 195
62 310
62 318
62 329
62 354
62 399
62 405
62 433
62 478
62 493
62 762
62 876
62 1030
62 1201
62 1204
62 1207
62 1377
62 1400
62 1434
63 72
63 96
63 156
63 259
63 298
63 351
63 362
63 374
63 399
63 439
63 500
63 618
63 739
63 990
63 1041
63 1209
63 1345
64 85
64 149
64 173
64 175
64 185
64 238
64 298
64 341
64 407
64 444
64 457
64 461
64 522
64 566
64 593
64 797
64 1103
64 1349
64 1441
65 88
65 118
65 134
65 141
65 163
65 181
65 283
65 348
65 349
65 456
65 466
65 511
65 551
65 741
65 980
65 1251
66 226
66 431
66 567
66 972
67 111
67 131
67 232
67 765
67 837
67 971
67 975
67 976
67 1238
67 1291
68 76
68 84
68 93
68 103
68 117
68 123
68 125
68 174
68 180
68 214
68 233
68 261
68 300
68 302
68 420
68 423
68 462
68 469
68 613
68 654
68 659
68 692
68 702
68 753
68 792
68 841
68 920
68 981
68 1054
68 1080
68 1105
68 1173
68 1243
68 1310
68 1321
68 1424
68 1446
69 75
69 108
69 210
69 240
69 471
69 482
69 518
69 541
69 681
69 865
69 901
69 942
69 966
69 985
69 1254
69 1373
69 1393
69 1482
70 237
70 263
70 414
70 489
70 784
70 993
70 1022
70 1172
70 1175
71 116
71 118
71 143
71 160
71 200
71 217
71 291
71 357
71 408
71 578
71 605
71 618
71 640
71 726
71 994
71 1103
71 1122
71 1327
71 1334
71 1485
71 1497
72 74
72 267
72 332
72 354
72 357
72 444
72 654
72 1073
72 1093
72 1302
72 1440
73 263
73 1119
73 1256
74 78
74 189
74 197
74 209
74 246
74 297
74 352
74 397
74 754
74 780
74 1019
75 80
75 219
75 220
75 316
75 323
75 329
75 347
75 440
75 563
75 586
75 939
75 1053
75 1394
76 188
76 552
76 569
76 592
76 1200
77 129
77 135
77 333
77 861
77 925
77 1032
77 1418
77 1498
78 84
78 91
78 465
78 545
78 812
78 871
78 1062
78 1075
78 1095
78 1425
79 83
79 89
79 108
79 182
79 200
79 248
79 306
79 307
79 406
79 456
79 559
79 627
79 699
79 798
79 882
79 1020
79 1126
79 1257
79 1260
79 1282
79 1332
79 1472
80 85
80 143
80 154
80 218
80 269
80 418
80 486
80 528
80 571
80 581
80 632
80 661
80 669
80 672
80 814
80 916
80 1061
80 1150
80 1226
80 1350
81 948
82 296
82 585
82 903
82 1409
82 1410
83 122
83 137
83 145
83 179
83 260
83 268
83 441
83 677
83 790
83 848
83 867
83 907
83 918
83 926
83 974
83 1003
83 1043
83 1163
83 1166
83 1326
83 1349
83 1353
83 1377
83 1381
83 1427
83 1488
84 222
84 223
84 485
84 634
84 757
84 1207
84 1257
85 111
85 300
85 419
85 666
85 1234
86 89
86 136
86 204
86 235
86 285
86 312
86 595
86 656
86 1010
86 1125
86 1302
87 94
87 185
87 212
87 452
87 548
87 615
87 946
87 1137
87 1297
87 1333
88 116
88 142
88 153
88 233
88 304
88 347
88 507
88 753
88 755
88 812
88 813
88 862
88 922
88 923
88 929
88 935
88 998
88 1105
88 1117
88 1310
88 1358
89 224
89 350
89 629
89 632
89 659
89 715
89 772
89 781
89 987
89 1087
89 1132
89 1341
90 123
90 137
90 160
90 186
90 197
90 268
90 271
90 305
90 325
90 352
90 399
90 483
90 509
90 516
90 711
90 831
90 845
90 856
90 1043
90 1170
90 1339
90 1376
91 126
91 690
91 732
91 799
91 816
91 826
91 975
92 121
92 193
92 212
92 385
92 505
92 603
92 617
92 687
92 813
92 861
92 966
92 988
92 1256
92 1272
93 161
93 363
93 369
93 402
93 442
93 581
93 865
93 1072
93 1114
93 1125
93 1273
93 1318
93 1470
94 240
94 473
94 922
94 1207
95 166
95 259
95 269
95 454
95 530
95 714
95 880
95 921
95 1120
96 234
96 343
96 345
96 535
96 630
96 745
96 785
96 822
96 858
96 934
97 107
97 173
97 180
97 201
97 216
97 229
97 253
97 284
97 365
97 380
97 381
97 393
97 479
97 503
97 520
97 568
97 674
97 688
97 698
97 707
97 712
97 718
97 811
97 941
97 959
97 1004
97 1097
97 1114
97 1382
97 1484
98 100
98 119
98 130
98 179
98 251
98 261
98 262
98 278
98 289
98 290
98 298
98 398
98 489
98 491
98 526
98 546
98 608
98 613
98 673
98 927
98 992
98 1105
98 1130
98 1139
98 1156
98 1466
98 1472
99 106
99 123
99 171
99 265
99 279
99 297
99 322
99 451
99 555
99 752
99 1013
99 1071
99 1198
99 1202
99 1320
99 1487
100 153
100 170
100 193
100 283
100 330
100 579
100 598
100 661
100 859
100 894
100 976
100 1031
100 1230
100 1343
100 1383
101 317
101 361
101 550
101 752
101 1065
102 158
102 285
102 325
102 329
102 350
102 402
102 449
102 477
102 506
102 618
102 748
102 770
102 808
102 1063
102 1083
102 1111
102 1119
102 1223
102 1301
103 239
103 247
103 353
103 428
103 784
104 191
104 230
104 303
104 336
104 474
104 619
104 782
104 957
104 1479
105 163
105 211
105 236
105 328
105 450
105 648
105 956
105 1030
106 226
106 413
106 424
106 543
106 681
106 683
106 786
106 881
106 1249
107 130
107 160
107 171
107 287
107 298
107 360
107 528
107 563
107 682
107 1405
108 111
108 138
108 251
108 441
108 487
108 523
108 632
108 666
108 683
108 720
108 745
108 758
108 1034
108 1070
108 1252
108 1381
108 1437
109 404
109 421
109 628
109 684
110 304
111 124
111 189
111 335
111 436
111 462
111 495
111 561
111 580
111 635
111 697
111 1000
111 1177
111 1292
111 1476
112 201
112 204
112 245
112 503
112 549
112 613
112 818
112 1040
112 1131
113 130
113 188
113 207
113 227
113 482
113 590
113 961
113 1098
113 1155
113 1329
113 1341
114 122
114 131
114 265
114 368
114 426
114 429
114 465
114 635
114 749
114 828
114 834
114 848
114 875
114 916
114 973
114 1055
114 1181
114 1229
114 1362
114 1412
115 256
115 297
115 341
115 390
115 502
115 612
115 1172
115 1413
116 156
116 175
116 183
116 185
116 209
116 214
116 245
116 369
116 453
116 458
116 596
116 597
116 751
116 912
116 1079
116 1238
117 126
117 146
117 157
117 169
117 460
117 496
117 535
117 583
117 591
117 763
117 907
117 909
117 910
117 1015
117 1266
118 120
118 134
118 185
118 275
118 291
118 448
118 461
118 473
118 477
118 479
118 513
118 547
118 605
118 626
118 732
118 835
118 861
118 871
118 1055
118 1201
118 1309
118 1393
118 1456
119 157
119 177
119 194
119 230
119 246
119 346
119 470
119 577
119 830
119 889
119 1206
119 1217
119 1295
119 1479
120 144
120 210
120 272
120 587
120 678
120 1000
120 1029
120 1100
120 1458
121 266
121 389
121 417
121 513
121 574
121 581
121 639
121 708
121 936
122 539
122 1403
123 638
123 704
123 707
124 192
124 220
124 269
124 305
124 307
124 360
124 573
124 626
124 652
124 836
124 1322
124 1484
125 195
125 240
125 717
125 1152
125 1187
125 1376
126 537
126 780
126 1355
127 412
127 680
127 826
127 965
128 162
128 187
128 250
128 433
128 863
128 1132
128 1152
128 1311
128 1340
128 1356
128 1459
129 167
129 259
129 786
129 970
129 1186
129 1331
129 1430
130 189
130 334
130 422
130 443
130 556
130 1033
131 200
131 304
131 337
131 525
131 601
131 798
131 1296
131 1335
132 270
132 306
132 362
132 422
132 423
132 795
132 1379
132 1402
132 1453
132 1463
133 149
133 153
133 165
133 373
133 496
133 534
133 540
133 695
133 722
133 851
133 941
133 1276
133 1289
133 1473
134 231
134 254
134 306
134 308
134 392
134 870
134 998
134 1004
134 1150
134 1209
134 1270
134 1406
135 196
135 208
135 215
135 514
135 1092
135 1451
135 1466
137 206
137 255
137 662
137 973
137 1240
138 428
138 678
139 233
139 314
139 402
139 515
139 621
139 802
139 829
139 1106
139 1143
139 1155
140 773
140 831
140 1158
140 1257
141 605
141 821
141 920
141 1235
141 1450
142 144
142 162
142 243
142 366
142 767
142 887
142 1069
142 1093
142 1334
143 224
143 347
143 378
143 441
143 553
143 662
143 751
143 833
143 1040
143 1206
143 1333
143 1491
143 1492
144 248
144 287
144 475
144 885
144 937
144 994
144 1278
144 1359
145 364
145 810
145 927
145 943
145 1328
146 203
146 249
146 414
146 623
146 741
146 902
146 1052
146 1365
146 1380
147 258
147 339
147 512
147 582
147 601
147 927
147 1278
147 1495
148 315
148 396
148 503
148 614
148 695
148 982
148 1341
149 198
149 281
149 338
149 701
149 1086
150 193
150 296
150 350
150 437
150 832
151 176
151 349
151 351
151 378
151 742
151 814
151 820
151 855
151 935
151 1176
152 322
152 401
152 844
152 1118
152 1440
153 205
153 766
153 866
153 1159
153 1195
154 243
154 1099
155 635
155 748
155 783
155 862
155 970
155 1074
156 180
156 183
156 569
156 744
156 896
157 276
157 524
157 572
157 693
157 1117
157 1408
158 163
158 194
158 272
158 276
158 277
158 323
158 373
158 375
158 386
158 473
158 512
158 591
158 1225
158 1280
159 183
159 313
159 348
159 803
159 913
160 229
160 268
160 318
160 374
160 552
160 590
160 657
160 679
160 788
160 868
160 1007
160 1079
160 1094
160 1096
160 1165
160 1304
160 1423
160 1465
161 174
161 196
161 293
161 363
161 389
161 404
161 429
161 494
161 636
161 669
161 878
161 997
161 1017
161 1281
161 1342
162 393
162 594
162 746
162 840
162 884
162 1114
162 1400
163 211
163 250
163 379
163 449
163 521
163 542
163 578
163 599
163 657
163 674
163 737
163 955
163 991
163 1089
163 1315
163 1328
163 1359
163 1430
164 303
164 460
164 810
164 1232
164 1311
164 1425
165 194
165 222
165 400
165 1027
165 1275
166 467
166 520
166 867
166 896
166 1269
167 254
167 393
167 498
167 561
167 1324
168 518
168 948
168 999
168 1053
168 1060
169 216
169 248
169 328
169 895
169 963
169 1313
170 265
170 309
170 492
170 611
170 616
170 777
170 904
170 1216
170 1249
171 178
171 235
171 255
171 384
171 497
171 530
171 711
171 713
171 784
171 787
171 983
171 1079
171 1092
171 1170
171 1262
171 1421
172 281
172 307
172 409
172 644
172 719
172 807
172 888
172 1023
173 174
173 237
173 407
173 497
173 578
173 586
173 717
173 981
174 275
174 288
174 355
174 939
175 417
175 532
176 184
176 219
176 375
176 434
176 463
176 606
176 1077
176 1246
177 257
177 269
177 714
177 1058
177 1422
178 280
178 335
178 342
178 639
178 641
178 871
178 1120
179 181
179 190
179 212
179 237
179 242
179 314
179 502
179 528
179 547
179 640
179 676
179 710
179 795
179 801
179 894
179 1078
179 1145
179 1176
179 1477
180 188
180 309
180 313
180 342
180 429
180 460
180 974
180 1115
180 1451
181 221
181 239
181 256
181 345
181 493
181 543
181 901
181 991
181 1084
182 194
182 425
182 695
182 841
183 246
183 652
183 1063
183 1169
183 1237
183 1319
184 281
184 313
184 317
184 774
184 802
184 1088
184 1271
184 1316
184 1370
185 368
185 603
185 1009
186 234
186 391
186 430
186 645
186 1198
187 213
187 225
187 286
187 339
187 486
187 557
187 572
187 650
187 679
187 692
187 837
187 911
187 1081
187 1260
187 1484
187 1499
188 258
188 332
188 472
188 764
188 965
188 1076
188 1136
188 1167
188 1193
188 1289
189 264
189 290
189 352
189 520
189 775
189 1047
189 1314
189 1353
189 1419
189 1461
190 271
190 339
190 479
190 591
190 755
190 855
190 892
191 236
191 251
191 406
191 510
191 523
191 601
191 689
191 720
191 851
191 931
191 1226
191 1243
191 1262
191 1329
191 1403
192 228
192 619
192 770
192 979
193 195
193 795
193 845
193 875
194 205
194 327
194 443
194 591
194 817
194 964
194 1336
195 199
195 219
195 380
195 430
195 438
195 676
195 701
195 730
195 760
195 794
195 862
195 1048
195 1065
195 1072
195 1435
196 207
196 331
196 338
196 404
196 436
196 440
196 488
196 575
196 667
196 772
196 878
196 999
196 1036
196 1128
196 1428
197 272
197 514
197 900
197 1253
198 343
198 435
198 524
198 533
198 860
198 984
198 1102
198 1216
198 1239
198 1308
199 236
199 1316
200 538
200 604
200 633
200 857
200 991
201 285
201 468
201 695
201 777
201 1055
201 1443
201 1488
202 230
202 570
202 672
202 800
202 921
202 1220
203 276
203 295
203 548
203 587
203 734
203 792
203 820
203 841
203 856
203 874
203 891
203 905
203 1293
203 1319
203 1474
204 276
204 353
204 365
204 467
204 638
204 651
204 839
204 907
204 1317
205 376
205 568
205 585
205 635
205 805
205 916
205 923
205 938
205 964
205 1173
206 223
206 229
206 442
206 703
206 751
206 900
206 1208
206 1367
206 1397
206 1402
206 1404
207 349
207 576
207 724
207 786
207 790
207 863
207 1002
208 356
208 368
208 504
208 600
208 950
208 1473
209 341
209 361
209 468
209 485
209 558
209 575
209 715
209 721
209 960
209 1072
210 346
210 421
210 487
210 549
210 620
210 713
210 733
210 895
210 950
210 994
210 1059
210 1185
211 859
212 311
212 633
212 761
213 432
213 476
213 940
213 958
214 266
214 319
214 506
214 533
214 630
214 645
214 915
214 1057
214 1185
214 1452
215 260
215 334
215 452
215 458
215 595
215 830
215 846
215 945
215 1287
215 1327
215 1462
215 1487
216 512
216 942
216 964
216 1237
217 225
217 250
217 289
217 521
217 785
217 788
217 877
217 886
217 950
217 996
218 241
218 420
218 986
218 1035
218 1050
219 398
219 499
219 609
219 676
219 686
219 1210
219 1458
220 312
221 333
221 821
222 257
222 381
222 420
222 454
222 610
222 627
222 685
223 266
223 337
223 425
223 468
223 517
223 851
223 977
223 1407
224 235
224 375
224 1010
224 1500
225 268
225 371
225 454
225 1045
225 1135
225 1472
226 327
226 513
226 543
226 557
226 658
226 696
226 864
226 1076
227 262
227 488
227 899
227 1032
227 1334
228 275
228 295
228 395
228 413
228 449
228 519
228 531
228 584
228 611
228 623
228 778
228 905
228 918
228 1209
228 1464
229 318
229 319
229 379
229 404
229 417
229 462
229 511
229 630
229 784
229 1099
229 1174
229 1410
230 316
230 391
230 604
230 683
231 310
231 618
231 731
231 1011
232 242
232 490
232 499
232 725
232 924
232 1162
232 1171
232 1200
233 283
233 415
233 512
233 1129
233 1453
234 786
234 1235
235 624
235 1413
236 241
236 264
236 286
236 299
236 435
236 565
236 798
236 866
236 960
236 1108
236 1472
237 458
237 972
238 599
238 781
238 1340
239 275
239 280
239 351
239 367
239 553
239 610
239 956
239 1470
240 252
240 537
240 1006
241 733
241 834
241 1317
242 324
242 1046
242 1378
243 374
243 453
243 465
243 469
243 1045
243 1059
243 1087
243 1464
244 384
244 457
244 1410
245 343
245 431
245 499
245 526
245 589
245 595
245 636
245 755
245 802
245 808
245 936
245 962
245 970
245 1183
245 1253
245 1416
246 1117
246 1266
246 1310
247 342
247 478
247 546
247 547
247 663
247 729
247 875
247 889
247 1080
247 1090
247 1129
247 1218
247 1227
247 1333
247 1363
247 1437
248 346
248 461
248 617
248 689
248 752
248 820
248 980
248 986
248 1179
248 1201
248 1343
248 1460
248 1481
249 398
249 814
249 1392
250 288
250 335
250 647
250 691
251 271
251 384
251 646
251 827
252 294
252 394
252 493
253 550
253 645
254 306
254 381
254 434
254 585
254 736
254 843
254 960
254 1162
254 1190
255 299
255 333
255 344
255 379
255 451
255 956
255 1037
255 1138
255 1392
255 1402
256 1237
257 270
258 426
258 750
258 962
259 289
259 325
259 577
259 594
259 641
259 987
259 1111
259 1174
259 1201
259 1450
260 291
260 597
260 957
260 1090
261 294
263 477
263 629
263 1285
263 1359
263 1387
263 1415
264 674
264 749
264 990
264 1136
264 1219
264 1252
265 274
265 405
265 410
265 529
265 643
265 874
265 1028
265 1035
265 1089
265 1187
265 1234
265 1317
265 1471
266 350
266 573
266 665
266 843
266 881
266 1269
266 1302
266 1476
267 359
267 414
267 596
267 709
267 832
267 949
267 1140
267 1449
268 273
268 370
268 397
268 417
268 574
268 656
268 670
268 671
268 718
268 853
268 955
268 980
268 1026
268 1165
268 1192
269 331
269 570
269 653
269 1065
270 288
270 314
270 424
270 598
270 642
270 716
270 717
270 1445
270 1469
270 1494
271 1340
272 1455
273 666
273 913
273 1219
273 1364
273 1370
273 1419
274 1008
274 1340
275 309
275 1063
275 1212
276 380
276 1074
277 371
277 536
277 944
278 612
278 789
278 961
278 1231
279 751
279 990
279 1205
280 1173
281 359
281 480
281 823
281 832
282 287
282 361
282 498
282 857
282 921
282 931
282 962
282 1205
284 356
284 434
284 575
284 646
284 1094
284 1175
285 370
285 625
285 657
285 689
285 791
285 1115
285 1410
286 408
286 1444
287 381
287 626
287 995
287 1036
287 1168
287 1240
288 344
288 519
288 897
288 938
288 947
288 1290
289 418
290 554
290 663
290 758
290 767
291 720
291 796
291 1219
292 299
292 340
292 505
292 551
292 696
292 747
292 773
292 809
292 1014
292 1050
292 1301
293 360
293 427
293 479
293 787
293 1100
294 586
294 967
294 1210
294 1348
295 440
295 580
295 923
295 1073
295 1132
295 1238
296 655
298 558
298 833
298 1097
298 1140
298 1398
298 1433
298 1469
299 470
299 669
299 797
299 1086
299 1186
299 1244
299 1401
299 1414
300 529
300 1133
300 1495
301 322
301 688
301 959
302 576
302 633
302 789
302 1217
304 372
304 559
304 733
304 772
304 806
304 886
304 1070
304 1288
305 345
305 365
305 369
305 555
305 577
305 973
305 1137
305 1435
306 428
306 985
307 542
308 349
308 387
308 409
308 438
308 501
308 620
308 650
308 1141
308 1258
309 397
310 321
310 391
310 566
310 1142
310 1299
310 1490
311 320
311 378
311 382
311 489
311 561
311 687
311 756
311 1007
311 1143
311 1234
311 1259
312 448
312 1334
313 488
313 511
314 562
314 704
314 710
314 1068
315 908
315 1199
315 1428
316 319
316 374
316 495
316 583
317 362
317 507
317 1138
317 1326
318 370
318 438
318 449
319 339
319 377
319 441
319 466
319 519
319 696
319 708
319 833
319 1160
319 1182
319 1222
319 1471
321 472
323 376
323 564
323 596
323 1078
323 1080
323 1165
324 421
324 475
324 601
324 943
325 366
325 712
325 995
325 1031
325 1092
325 1287
325 1306
326 355
326 1012
327 414
327 514
327 531
327 559
327 873
327 937
327 999
327 1013
327 1100
327 1131
327 1210
327 1246
327 1344
328 359
328 388
328 652
328 758
328 924
328 986
328 1136
328 1216
328 1246
328 1276
328 1451
329 885
329 1075
329 1107
329 1147
329 1395
330 394
330 415
330 594
330 602
330 1052
331 396
331 403
331 445
331 455
331 690
331 904
331 925
331 1355
332 392
332 451
332 877
333 372
333 510
333 741
333 990
335 345
335 1160
335 1307
335 1384
336 620
336 739
336 745
336 816
336 1191
336 1330
336 1418
336 1454
337 480
337 639
337 747
337 1053
337 1133
338 952
338 1274
339 619
339 646
339 895
339 1064
339 1204
340 388
340 744
340 1398
340 1478
341 487
341 704
341 762
341 1124
341 1189
341 1386
342 386
342 457
343 748
343 825
343 863
343 1146
343 1344
343 1429
344 360
344 1131
344 1392
344 1475
345 372
345 715
345 725
345 768
345 859
345 1283
345 1424
346 599
346 1013
346 1275
347 354
347 485
347 567
347 969
348 478
348 621
349 438
349 612
349 838
349 1042
349 1058
349 1123
349 1228
350 717
350 1135
350 1188
350 1362
350 1395
350 1470
352 515
352 681
352 1069
352 1182
352 1442
353 395
353 543
353 596
353 808
353 936
354 842
355 463
355 510
355 519
355 655
355 789
355 822
355 826
355 978
355 1127
355 1295
355 1415
356 882
356 1419
357 446
357 456
357 637
357 719
357 779
357 1161
358 757
358 1299
358 1315
359 592
359 624
359 871
359 1409
359 1413
360 649
360 670
360 1412
361 368
361 410
361 423
361 617
361 913
361 1044
361 1101
361 1148
361 1327
362 546
363 399
363 400
363 469
363 673
363 788
364 1192
364 1259
365 432
365 969
365 1480
366 524
366 1130
366 1348
367 376
367 525
367 1030
367 1140
367 1205
368 815
369 426
369 501
369 566
369 637
369 702
369 737
369 769
369 806
369 829
369 1148
369 1186
369 1323
370 478
370 556
371 799
371 1075
372 697
372 830
372 1152
373 446
373 492
373 588
373 866
373 879
373 954
375 442
375 563
375 761
375 1003
375 1184
376 482
377 570
377 1174
378 484
378 854
378 869
378 1214
378 1349
379 1076
379 1156
379 1180
380 571
381 383
381 647
381 940
381 1039
381 1291
382 431
382 743
382 1084
383 403
383 466
383 490
383 535
383 690
383 714
383 792
383 878
383 1346
383 1363
383 1449
384 671
384 1283
385 622
386 435
386 447
386 464
386 810
386 835
386 1194
386 1293
386 1307
387 509
387 524
387 527
387 565
387 673
387 711
387 816
387 912
387 951
387 996
387 1095
387 1366
388 1133
388 1173
388 1232
389 480
389 854
389 953
389 1283
390 634
390 691
390 865
390 911
390 1118
390 1316
391 457
391 888
391 1280
392 525
392 651
392 954
392 1112
392 1123
392 1468
393 545
393 706
395 496
395 699
397 398
397 508
397 838
397 1021
397 1119
398 453
398 822
398 825
398 869
398 1095
398 1365
399 740
400 1128
400 1161
401 437
401 1015
401 1178
401 1215
402 474
402 493
402 688
402 1039
402 1081
402 1428
403 489
403 531
403 718
403 749
403 848
403 1007
404 530
404 532
404 600
404 611
404 889
404 1196
405 669
405 686
405 803
405 1211
406 440
406 476
406 481
406 600
406 766
406 1147
407 862
407 1124
408 621
408 1346
409 488
409 533
409 1240
410 481
410 1057
411 560
411 569
411 605
411 620
411 642
411 672
411 838
411 899
411 926
411 1092
411 1371
411 1476
412 447
412 744
412 827
412 1096
412 1101
412 1153
412 1163
412 1183
412 1289
412 1388
413 677
413 1270
414 508
414 667
414 672
415 550
415 589
415 614
415 747
415 761
415 1160
415 1193
416 509
416 972
416 1116
416 1309
416 1486
417 660
418 750
418 1175
418 1212
419 455
419 472
419 516
419 522
419 678
419 771
419 951
419 1034
419 1073
419 1077
419 1197
419 1255
419 1303
420 1339
420 1372
421 1403
422 526
422 816
422 1008
422 1326
423 564
423 580
424 573
424 1412
424 1447
426 443
426 445
426 534
426 571
426 584
426 876
426 1144
426 1226
426 1326
426 1395
427 471
427 534
427 721
427 760
427 766
427 1249
427 1475
428 501
428 646
428 1366
429 961
429 1157
430 548
430 612
430 999
431 764
431 805
431 967
431 1074
431 1328
431 1339
431 1370
432 508
432 631
432 1230
433 650
433 659
433 898
434 564
434 679
434 968
435 445
435 608
435 891
435 973
435 1489
436 507
436 551
436 565
436 728
436 769
436 839
436 868
437 776
438 675
438 1051
439 794
439 799
440 588
441 1499
442 859
442 1071
442 1181
442 1192
443 468
444 1043
444 1177
446 463
446 570
446 849
446 979
446 1254
446 1261
446 1478
447 1267
447 1268
447 1320
447 1369
448 637
448 985
448 1077
449 992
450 527
450 703
450 1293
451 1121
451 1369
452 608
452 691
452 986
453 724
453 920
453 963
454 498
454 608
454 756
454 785
454 1254
455 464
456 704
456 815
456 1015
456 1470
457 496
457 1187
457 1304
458 518
459 790
460 631
460 1058
460 1263
462 536
462 609
462 641
462 911
462 1025
462 1121
462 1397
463 746
463 1446
464 1056
464 1126
464 1457
465 636
465 905
465 914
465 1099
465 1281
466 906
466 1112
466 1211
467 634
467 840
467 1159
468 849
468 967
469 525
469 560
469 1134
469 1230
470 611
470 625
470 676
470 722
470 746
470 924
470 1023
470 1031
470 1251
471 1193
472 603
472 702
472 1057
472 1176
473 540
473 547
473 556
473 560
473 597
473 745
473 866
473 984
473 1001
473 1314
474 684
474 906
474 934
474 945
474 1128
474 1350
475 587
475 1066
475 1212
478 495
478 740
478 1048
478 1098
478 1409
478 1461
480 774
480 778
480 812
480 879
480 944
481 590
481 1011
481 1118
481 1346
482 615
482 700
482 1359
483 521
483 1032
483 1416
483 1455
484 681
484 701
484 797
484 893
484 939
484 1002
484 1004
484 1215
485 813
485 1496
486 811
486 1141
487 553
487 675
488 494
488 804
488 885
488 899
489 800
489 809
489 936
490 541
490 576
490 627
490 734
490 842
490 1008
490 1204
490 1252
490 1371
491 768
491 775
491 1093
491 1391
491 1444
492 754
492 763
492 1062
492 1351
493 661
494 707
494 739
494 779
494 782
494 802
494 911
494 1041
494 1068
494 1184
496 932
496 1067
496 1290
497 1417
498 642
498 760
498 932
498 1203
500 1228
501 891
501 1183
501 1272
501 1284
502 753
503 900
503 1017
503 1272
503 1309
504 1088
505 536
506 523
506 567
506 820
506 1362
507 527
507 835
507 1062
509 1282
510 703
510 865
510 979
510 1014
510 1284
511 946
512 583
513 531
513 589
513 938
513 1139
513 1195
513 1426
514 781
514 1386
515 692
515 1064
516 643
516 685
516 776
516 1153
516 1431
517 886
517 988
517 1323
517 1401
518 686
518 845
518 1059
518 1064
518 1203
518 1494
519 536
519 539
519 563
519 640
519 709
519 724
519 726
519 855
519 959
520 625
520 790
520 1021
520 1102
520 1277
521 560
521 694
522 731
523 1315
523 1319
524 850
524 1224
525 1103
526 537
526 919
526 928
526 1047
526 1131
526 1222
526 1335
526 1494
527 673
527 858
527 940
527 1085
527 1124
527 1427
528 759
528 904
529 1037
531 537
531 654
531 679
531 883
531 975
531 1231
533 628
533 652
533 701
533 726
533 794
533 867
533 883
533 978
533 1263
533 1332
534 1261
534 1367
535 557
535 562
535 651
535 730
535 964
535 1373
535 1468
536 544
536 1235
536 1389
537 848
537 1030
537 1180
538 804
538 1448
540 856
540 1480
542 625
542 638
542 723
542 933
542 1005
542 1198
542 1431
543 607
543 1029
544 700
544 1064
544 1122
544 1275
544 1332
545 1062
545 1177
546 839
546 941
546 1039
546 1414
547 702
547 877
547 1013
547 1042
547 1134
547 1148
547 1232
547 1244
548 602
549 592
549 904
549 914
549 966
549 1463
550 1288
553 728
554 606
554 734
554 1018
554 1261
554 1347
555 828
555 969
556 1181
556 1192
557 645
557 1005
557 1188
557 1496
558 656
558 809
558 1469
559 613
559 719
560 1024
560 1029
560 1391
561 917
561 929
562 971
562 1288
562 1475
563 594
563 614
563 762
563 828
563 909
563 1009
563 1241
564 683
564 776
564 855
564 1400
566 738
568 664
569 685
570 1493
571 1321
572 593
572 689
572 1244
572 1325
573 712
573 804
573 817
574 930
574 1200
575 1060
575 1497
576 860
576 1152
577 607
577 660
577 815
577 829
579 709
580 995
581 905
582 1302
583 853
584 589
584 590
584 607
584 623
584 687
584 771
584 782
584 872
584 1206
584 1378
584 1453
584 1481
585 636
585 924
585 1025
585 1145
585 1218
585 1255
585 1318
585 1354
585 1414
585 1429
586 945
586 1005
586 1493
587 1327
587 1342
588 726
588 981
588 1009
588 1221
588 1381
588 1482
589 902
589 1250
589 1495
590 738
591 623
591 908
593 705
593 724
593 794
593 1061
593 1386
594 893
594 1305
595 1490
595 1500
596 783
596 1141
597 643
597 944
597 1247
598 1058
598 1096
599 930
599 1388
601 1040
601 1491
603 763
603 1046
603 1235
604 616
604 841
604 1033
604 1104
604 1233
605 789
605 810
605 843
605 950
605 997
605 1026
605 1268
605 1446
606 909
606 1012
606 1229
606 1264
607 682
608 870
608 937
609 1061
610 1017
611 793
611 1191
612 971
612 1002
614 933
615 774
615 1238
615 1272
615 1436
616 764
616 1378
616 1475
616 1486
617 651
617 671
617 812
617 900
617 1056
617 1069
617 1109
617 1129
617 1144
617 1285
617 1428
620 902
621 739
621 869
621 897
621 934
621 1001
621 1402
621 1445
622 806
623 852
623 1033
623 1259
627 925
627 1108
627 1353
629 742
629 758
629 1196
630 699
630 1012
631 782
631 1161
631 1353
631 1399
632 722
632 1038
633 896
633 1015
633 1027
633 1270
633 1320
633 1352
633 1373
634 798
634 967
634 1448
635 682
635 694
635 1073
635 1195
635 1315
637 983
637 1018
638 791
638 882
638 1107
638 1172
638 1357
639 1049
640 765
640 1211
640 1221
640 1430
642 730
642 982
643 951
645 1125
645 1307
645 1329
645 1398
646 806
648 773
650 665
650 931
650 1221
651 829
651 949
651 1291
652 823
652 882
652 1038
652 1166
653 1191
654 759
654 892
655 682
655 946
656 1024
656 1190
657 931
659 677
659 910
659 1139
659 1245
660 779
661 735
661 752
661 767
661 921
661 992
661 1044
661 1167
661 1242
663 1255
664 897
665 912
665 989
665 1364
665 1378
666 1385
667 706
668 1357
669 729
669 955
669 1347
669 1385
670 692
670 1126
672 1027
674 1286
674 1312
675 906
675 1284
678 1274
679 1420
680 768
682 1166
683 700
684 1265
685 957
685 987
685 1363
685 1467
686 864
686 874
686 1009
686 1047
686 1067
686 1099
686 1193
686 1287
686 1441
686 1442
686 1447
686 1462
687 1085
687 1110
687 1441
688 725
688 805
688 1247
688 1306
688 1398
688 1479
689 1220
690 1213
690 1223
690 1404
692 734
692 1291
693 1006
694 791
695 746
695 1167
695 1307
695 1342
695 1450
696 778
697 772
697 938
697 1218
697 1316
698 1016
698 1241
698 1479
699 735
699 1386
700 780
701 716
701 833
702 1483
703 893
703 1081
703 1294
704 777
705 827
705 1111
705 1174
705 1223
705 1362
706 818
706 927
707 880
707 1273
708 757
708 807
708 821
709 716
709 729
709 850
710 1091
711 869
711 1314
712 732
712 868
712 1350
712 1405
713 881
714 887
714 933
714 981
714 1179
714 1313
715 793
715 994
716 834
716 935
717 1296
718 735
718 779
718 956
718 1484
720 727
720 1044
720 1348
721 741
721 941
721 1016
721 1483
723 742
723 898
723 968
723 1051
723 1356
724 983
724 1159
725 1179
725 1336
726 770
726 1042
726 1393
727 1127
727 1444
728 823
728 872
730 954
731 1071
733 1486
734 1096
734 1133
734 1299
735 942
735 1104
736 738
736 1180
736 1264
737 977
738 776
741 1452
742 749
742 1160
742 1259
742 1335
743 846
745 985
746 793
748 923
748 1466
749 1045
750 837
750 908
750 915
751 1022
751 1087
751 1089
751 1202
753 1098
753 1396
753 1471
755 803
755 842
755 952
755 1001
755 1108
755 1110
755 1162
756 1164
756 1407
757 932
757 1029
758 818
758 1144
758 1313
759 1156
760 857
760 1421
761 780
761 975
762 1338
764 993
764 1280
764 1409
765 1112
765 1305
766 1347
766 1418
768 847
768 915
768 1155
768 1345
769 1251
770 836
770 1233
772 1022
773 1300
773 1416
774 1052
775 1199
777 807
780 943
780 1281
782 842
782 1090
782 1182
782 1395
783 827
783 928
786 825
786 1107
787 1078
787 1271
788 948
788 1142
788 1264
789 1202
789 1217
790 824
790 1394
791 1324
792 808
792 943
792 1288
792 1300
792 1358
792 1417
793 903
793 917
793 1208
794 1216
794 1343
796 1068
798 1179
799 1434
800 1031
800 1047
800 1457
801 960
801 1282
802 1083
802 1289
802 1374
803 978
803 1401
807 1082
808 926
809 1371
809 1437
809 1474
810 1360
811 819
813 1041
813 1148
813 1164
813 1236
817 1329
818 1166
818 1245
818 1248
819 1126
820 1376
822 974
822 1154
822 1252
822 1429
824 962
824 1162
824 1180
825 1011
827 1097
827 1312
828 1210
831 908
831 1305
831 1311
831 1461
835 1372
837 1471
838 1281
839 1034
839 1135
841 1229
841 1480
841 1483
843 1191
843 1214
843 1322
843 1433
843 1462
845 1020
846 951
847 903
848 1091
848 1263
848 1459
849 1109
852 929
852 1211
852 1254
853 910
853 1233
854 1286
855 899
855 1397
855 1408
856 957
856 1213
858 1082
858 1175
860 952
861 959
862 896
862 997
862 1249
863 961
863 1151
865 1244
867 1087
867 1279
868 1048
868 1208
870 901
872 1379
874 976
875 949
876 902
876 974
876 1202
876 1368
877 1081
878 907
878 998
878 1035
878 1149
880 965
881 1217
881 1267
881 1492
883 1463
884 1473
885 1136
885 1146
885 1404
886 928
886 1028
886 1228
887 1117
887 1184
888 1452
890 1199
890 1233
891 1241
891 1433
894 1377
896 988
896 1046
897 1229
898 928
898 1043
901 1171
902 1255
902 1306
902 1308
902 1352
903 1143
904 955
905 1260
906 920
906 1355
906 1361
908 1169
908 1248
909 1150
912 1067
913 1500
921 969
921 1024
922 1120
924 963
924 1019
924 1214
924 1374
924 1488
925 1365
927 958
927 1006
927 1178
927 1498
928 1075
929 1154
929 1279
930 1220
930 1424
931 968
931 1286
932 1010
933 1382
935 1294
936 982
936 1112
939 1044
939 1066
939 1434
941 1185
941 1438
942 1464
944 1019
948 1194
950 1017
951 953
951 1024
951 1209
951 1247
951 1390
952 1301
952 1312
953 1000
954 1049
954 1313
956 1399
957 1364
959 1341
959 1439
960 1431
961 1018
962 1056
962 1338
963 1006
963 1357
964 1264
965 1245
965 1303
966 1197
967 1018
967 1039
967 1111
967 1265
968 993
968 1246
968 1337
968 1492
969 1127
969 1196
969 1400
971 1413
971 1427
975 1093
975 1188
975 1462
977 1379
978 1125
978 1199
980 1314
984 1132
985 1086
986 1190
986 1287
986 1411
987 1109
987 1369
988 1296
989 1049
990 1460
990 1468
993 1004
993 1456
994 997
994 1054
994 1487
995 1118
995 1483
997 1078
998 1465
999 1083
999 1333
1001 1389
1001 1406
1004 1088
1004 1396
1006 1231
1006 1245
1007 1020
1007 1456
1008 1055
1008 1298
1008 1396
1009 1026
1010 1213
1010 1224
1010 1308
1012 1151
1012 1454
1013 1046
1013 1157
1013 1323
1015 1178
1021 1135
1021 1165
1023 1253
1025 1499
1027 1332
1028 1360
1031 1262
1035 1110
1035 1231
1036 1317
1038 1204
1039 1097
1039 1433
1046 1076
1047 1455
1049 1219
1049 1432
1049 1466
1053 1212
1054 1349
1056 1071
1057 1298
1059 1115
1062 1236
1062 1383
1063 1105
1063 1145
1063 1258
1064 1438
1065 1416
1067 1082
1068 1142
1068 1236
1068 1265
1068 1267
1072 1138
1076 1487
1077 1159
1082 1346
1084 1104
1085 1182
1087 1256
1088 1273
1088 1325
1089 1271
1092 1447
1094 1367
1095 1124
1095 1268
1097 1374
1098 1127
1098 1294
1098 1489
1101 1356
1101 1384
1102 1269
1104 1485
1105 1121
1107 1265
1107 1374
1109 1296
1109 1498
1112 1474
1115 1260
1116 1169
1117 1342
1117 1497
1118 1325
1119 1403
1123 1150
1123 1292
1124 1323
1124 1376
1124 1480
1127 1143
1127 1189
1131 1276
1131 1477
1131 1489
1134 1405
1134 1439
1136 1225
1137 1239
1137 1405
1139 1149
1142 1149
1146 1465
1146 1482
1148 1298
1149 1447
1150 1220
1151 1305
1151 1375
1152 1500
1153 1234
1160 1208
1162 1351
1163 1213
1164 1301
1164 1437
1170 1331
1172 1388
1173 1345
1176 1371
1179 1308
1179 1444
1180 1345
1180 1351
1190 1498
1192 1241
1194 1286
1194 1458
1196 1236
1196 1457
1200 1285
1201 1401
1206 1278
1206 1350
1210 1347
1211 1417
1215 1366
1215 1420
1216 1445
1219 1467
1222 1311
1223 1266
1223 1461
1225 1331
1228 1330
1235 1368
1236 1465
1237 1274
1237 1482
1246 1473
1252 1426
1253 1415
1253 1425
1254 1321
1256 1298
1256 1363
1256 1468
1259 1269
1261 1354
1262 1356
1264 1389
1265 1455
1267 1436
1269 1292
1271 1338
1271 1436
1272 1368
1274 1477
1275 1325
1290 1310
1290 1467
1293 1390
1298 1304
1299 1394
1300 1404
1301 1365
1302 1449
1304 1496
1306 1360
1310 1339
1310 1364
1310 1399
1312 1494
1319 1348
1319 1388
1328 1385
1329 1443
1333 1336
1336 1337
1337 1380
1349 1478
1366 1377
1375 1442
1391 1491
1414 1432
1426 1476
1440 1442
1450 1467
1452 1458
1454 1492
1455 1485
1461 1463
