1 2
1 3
1 4
1 5
1 6
1 7
1 8
1 9
1 10
1 11
1 12
1 13
1 14
1 16
1 17
1 18
1 23
1 26
1 32
1 34
1 36
1 37
1 49
1 53
1 56
1 65
1 68
1 81
1 90
1 92
1 96
1 108
1 112
1 119
1 120
1 123
1 129
1 146
1 157
1 163
1 178
1 179
1 184
1 194
1 207
1 209
1 215
1 218
1 226
1 235
1 238
1 251
1 271
1 276
1 349
1 351
1 377
1 378
1 384
1 386
1 396
1 398
1 403
1 413
1 442
1 480
1 497
1 504
1 508
1 537
1 556
1 579
1 628
1 637
1 638
1 701
1 705
1 731
1 743
1 756
1 765
1 771
1 775
1 800
1 888
1 889
1 907
1 912
1 917
1 922
1 974
1 987
1 990
1 1012
1 1028
1 1034
1 1059
1 1067
1 1134
1 1151
1 1179
1 1204
1 1248
1 1287
1 1303
1 1306
1 1310
1 1319
1 1347
1 1351
1 1404
1 1406
1 1410
1 1417
1 1441
1 1472
1 1518
1 1576
1 1580
1 1611
1 1634
1 1649
1 1652
1 1672
1 1699
1 1775
1 1836
1 1852
1 1897
1 1943
2 6
2 8
2 9
2 10
2 11
2 12
2 15
2 24
2 25
2 30
2 40
2 82
2 94
2 137
2 143
2 162
2 173
2 187
2 201
2 215
2 234
2 271
2 273
2 289
2 290
2 294
2 307
2 312
2 319
2 333
2 337
2 398
2 405
2 407
2 441
2 442
2 455
2 479
2 504
2 517
2 541
2 567
2 580
2 581
2 582
2 605
2 711
2 728
2 734
2 818
2 903
2 935
2 975
2 993
2 1007
2 1051
2 1065
2 1088
2 1106
2 1115
2 1116
2 1148
2 1167
2 1242
2 1265
2 1276
2 1310
2 1399
2 1403
2 1411
2 1456
2 1638
2 1694
2 1769
2 1776
2 1955
2 1983
3 6
3 9
3 11
3 14
3 15
3 17
3 18
3 19
3 22
3 23
3 25
3 27
3 28
3 31
3 37
3 59
3 60
3 78
3 102
3 124
3 128
3 139
3 143
3 159
3 162
3 203
3 205
3 245
3 282
3 293
3 303
3 305
3 306
3 341
3 344
3 406
3 413
3 426
3 435
3 450
3 458
3 486
3 531
3 568
3 576
3 578
3 603
3 657
3 688
3 695
3 718
3 759
3 775
3 869
3 891
3 968
3 1080
3 1082
3 1091
3 1115
3 1149
3 1213
3 1222
3 1233
3 1275
3 1278
3 1317
3 1330
3 1367
3 1385
3 1387
3 1513
3 1537
3 1559
3 1647
3 1703
3 1734
3 1743
3 1806
3 1844
3 1856
3 1930
3 1979
3 1985
4 6
4 7
4 10
4 22
4 24
4 29
4 38
4 94
4 127
4 196
4 258
4 291
4 310
4 387
4 559
4 594
4 632
4 667
4 798
4 901
4 915
4 919
4 998
4 1094
4 1209
4 1213
4 1710
4 1776
5 7
5 8
5 15
5 47
5 52
5 57
5 64
5 69
5 91
5 95
5 106
5 113
5 127
5 161
5 171
5 181
5 283
5 316
5 370
5 385
5 443
5 699
5 709
5 726
5 750
5 786
5 859
5 892
5 934
5 1124
5 1362
5 1701
5 1706
5 1872
5 1900
5 1922
6 7
6 8
6 10
6 11
6 12
6 15
6 16
6 18
6 19
6 20
6 21
6 23
6 26
6 27
6 29
6 31
6 35
6 45
6 47
6 48
6 53
6 54
6 61
6 65
6 66
6 72
6 74
6 78
6 84
6 90
6 98
6 100
6 102
6 106
6 109
6 111
6 116
6 117
6 129
6 133
6 155
6 181
6 193
6 203
6 211
6 216
6 230
6 246
6 249
6 254
6 260
6 264
6 268
6 278
6 298
6 317
6 326
6 331
6 335
6 348
6 350
6 356
6 357
6 377
6 387
6 392
6 393
6 408
6 415
6 420
6 435
6 454
6 466
6 473
6 484
6 491
6 515
6 518
6 529
6 582
6 591
6 598
6 611
6 621
6 623
6 625
6 642
6 665
6 699
6 713
6 715
6 725
6 730
6 747
6 750
6 772
6 781
6 787
6 790
6 808
6 823
6 830
6 881
6 883
6 884
6 887
6 916
6 918
6 925
6 992
6 994
6 997
6 999
6 1004
6 1006
6 1040
6 1043
6 1057
6 1058
6 1064
6 1108
6 1132
6 1134
6 1176
6 1185
6 1227
6 1230
6 1270
6 1277
6 1289
6 1302
6 1320
6 1420
6 1448
6 1459
6 1512
6 1536
6 1554
6 1561
6 1587
6 1652
6 1663
6 1701
6 1714
6 1747
6 1767
6 1770
6 1811
6 1894
6 1965
6 1983
6 1990
7 14
7 17
7 20
7 24
7 35
7 41
7 49
7 79
7 83
7 86
7 95
7 114
7 130
7 140
7 152
7 156
7 175
7 176
7 177
7 183
7 187
7 206
7 232
7 235
7 352
7 376
7 390
7 415
7 423
7 446
7 452
7 462
7 483
7 499
7 530
7 555
7 652
7 730
7 743
7 748
7 752
7 784
7 792
7 862
7 869
7 941
7 989
7 1035
7 1036
7 1088
7 1119
7 1192
7 1336
7 1344
7 1371
7 1373
7 1384
7 1421
7 1432
7 1437
7 1487
7 1513
7 1607
7 1676
7 1810
7 1832
7 1929
8 9
8 12
8 14
8 16
8 17
8 22
8 25
8 62
8 63
8 64
8 66
8 70
8 73
8 77
8 80
8 89
8 91
8 95
8 96
8 98
8 116
8 121
8 126
8 127
8 146
8 151
8 168
8 188
8 200
8 251
8 258
8 262
8 280
8 284
8 320
8 338
8 339
8 342
8 362
8 383
8 397
8 399
8 405
8 412
8 414
8 419
8 440
8 444
8 445
8 454
8 460
8 501
8 553
8 584
8 585
8 592
8 636
8 658
8 673
8 691
8 694
8 754
8 755
8 763
8 769
8 794
8 864
8 881
8 919
8 960
8 1011
8 1036
8 1087
8 1088
8 1090
8 1100
8 1135
8 1216
8 1251
8 1412
8 1423
8 1467
8 1534
8 1678
8 1681
8 1718
8 1720
8 1737
8 1763
8 1768
8 1885
8 1888
8 1896
8 1938
8 1960
8 1987
8 1995
9 20
9 24
9 26
9 66
9 85
9 91
9 111
9 128
9 159
9 163
9 195
9 255
9 319
9 333
9 356
9 366
9 399
9 470
9 581
9 608
9 623
9 649
9 685
9 719
9 809
9 837
9 858
9 940
9 1016
9 1084
9 1106
9 1348
9 1625
9 1822
9 1882
9 1934
9 1967
10 13
10 21
10 27
10 29
10 32
10 33
10 36
10 37
10 48
10 58
10 60
10 76
10 78
10 121
10 132
10 133
10 134
10 137
10 141
10 185
10 188
10 189
10 191
10 244
10 246
10 272
10 276
10 332
10 396
10 421
10 503
10 533
10 565
10 571
10 587
10 605
10 608
10 629
10 669
10 760
10 850
10 915
10 965
10 982
10 1035
10 1045
10 1119
10 1137
10 1142
10 1183
10 1184
10 1218
10 1222
10 1337
10 1417
10 1437
10 1459
10 1500
10 1597
10 1632
10 1656
10 1667
10 1723
10 1930
10 1954
11 13
11 16
11 37
11 39
11 54
11 65
11 102
11 147
11 154
11 169
11 180
11 200
11 208
11 287
11 299
11 301
11 316
11 321
11 336
11 341
11 345
11 346
11 359
11 389
11 413
11 521
11 523
11 553
11 614
11 633
11 647
11 683
11 686
11 773
11 824
11 916
11 921
11 991
11 1060
11 1129
11 1174
11 1179
11 1230
11 1238
11 1332
11 1357
11 1466
11 1478
11 1524
11 1585
11 1596
11 1660
11 1672
11 1698
11 1712
11 1725
11 1748
11 1804
11 1812
11 1863
11 1887
11 1925
11 1971
12 13
12 19
12 38
12 39
12 43
12 44
12 68
12 71
12 104
12 115
12 167
12 231
12 268
12 299
12 346
12 349
12 378
12 382
12 433
12 480
12 587
12 842
12 922
12 925
12 1055
12 1188
12 1210
12 1255
12 1315
12 1320
12 1395
12 1682
12 1780
13 68
13 74
13 112
13 132
13 136
13 160
13 182
13 218
13 227
13 229
13 279
13 343
13 345
13 353
13 453
13 459
13 468
13 541
13 591
13 719
13 788
13 827
13 849
13 855
13 902
13 947
13 1054
13 1167
13 1184
13 1204
13 1241
13 1254
13 1262
13 1549
13 1645
13 1663
13 1664
13 1895
13 1911
14 18
14 22
14 31
14 40
14 52
14 54
14 60
14 62
14 70
14 80
14 94
14 99
14 106
14 108
14 114
14 134
14 154
14 161
14 168
14 204
14 227
14 234
14 236
14 256
14 274
14 292
14 446
14 501
14 511
14 552
14 660
14 680
14 722
14 757
14 959
14 1018
14 1024
14 1032
14 1038
14 1043
14 1075
14 1104
14 1122
14 1144
14 1169
14 1172
14 1257
14 1264
14 1295
14 1350
14 1436
14 1472
14 1499
14 1507
14 1528
14 1546
14 1650
14 1652
14 1774
14 1915
14 1949
14 1965
15 30
15 35
15 40
15 55
15 56
15 59
15 64
15 66
15 73
15 74
15 83
15 87
15 97
15 102
15 105
15 125
15 140
15 142
15 170
15 180
15 192
15 206
15 207
15 209
15 217
15 226
15 229
15 230
15 231
15 249
15 274
15 279
15 289
15 291
15 292
15 295
15 323
15 327
15 333
15 338
15 358
15 371
15 416
15 425
15 450
15 452
15 471
15 485
15 501
15 508
15 528
15 557
15 586
15 588
15 589
15 596
15 634
15 654
15 670
15 728
15 731
15 734
15 795
15 805
15 821
15 897
15 898
15 951
15 976
15 1026
15 1034
15 1041
15 1055
15 1077
15 1107
15 1190
15 1237
15 1244
15 1335
15 1345
15 1346
15 1351
15 1353
15 1370
15 1371
15 1390
15 1402
15 1403
15 1422
15 1480
15 1539
15 1548
15 1556
15 1625
15 1628
15 1645
15 1663
15 1673
15 1697
15 1708
15 1753
15 1766
15 1805
15 1838
15 1899
15 1937
16 33
16 78
16 81
16 117
16 121
16 135
16 161
16 168
16 323
16 352
16 385
16 516
16 702
16 711
16 791
16 848
16 963
16 978
16 1001
16 1019
16 1083
16 1143
16 1282
16 1381
16 1460
16 1545
16 1727
16 1988
17 20
17 87
17 89
17 110
17 119
17 147
17 192
17 281
17 286
17 429
17 441
17 505
17 560
17 561
17 663
17 867
17 905
17 1006
17 1013
17 1049
17 1344
17 1626
17 1730
17 1833
17 1874
17 1952
17 1988
18 19
18 21
18 32
18 42
18 55
18 71
18 76
18 85
18 95
18 104
18 105
18 108
18 132
18 145
18 150
18 164
18 196
18 223
18 233
18 243
18 272
18 275
18 282
18 302
18 308
18 323
18 394
18 438
18 439
18 447
18 464
18 491
18 507
18 524
18 536
18 546
18 554
18 635
18 642
18 658
18 669
18 717
18 724
18 786
18 813
18 828
18 890
18 917
18 946
18 949
18 979
18 984
18 1014
18 1055
18 1120
18 1187
18 1197
18 1254
18 1388
18 1395
18 1419
18 1449
18 1574
18 1679
18 1706
18 1716
18 1743
18 1985
19 41
19 43
19 51
19 87
19 88
19 96
19 108
19 158
19 159
19 160
19 177
19 225
19 260
19 292
19 295
19 321
19 349
19 388
19 394
19 443
19 457
19 468
19 474
19 486
19 598
19 604
19 673
19 888
19 955
19 981
19 982
19 1010
19 1025
19 1030
19 1039
19 1102
19 1146
19 1191
19 1237
19 1309
19 1479
19 1512
19 1843
19 1978
20 21
20 23
20 29
20 30
20 32
20 36
20 39
20 44
20 45
20 49
20 52
20 73
20 74
20 77
20 80
20 81
20 103
20 128
20 142
20 144
20 145
20 171
20 182
20 195
20 198
20 213
20 230
20 235
20 248
20 348
20 400
20 404
20 412
20 448
20 480
20 525
20 559
20 604
20 663
20 735
20 756
20 793
20 826
20 856
20 891
20 928
20 1031
20 1085
20 1103
20 1177
20 1194
20 1327
20 1342
20 1347
20 1452
20 1458
20 1479
20 1492
20 1519
20 1566
20 1577
20 1583
20 1793
20 1959
21 28
21 46
21 84
21 92
21 141
21 151
21 166
21 167
21 185
21 233
21 254
21 302
21 329
21 362
21 390
21 403
21 452
21 482
21 675
21 812
21 844
21 998
21 1080
21 1105
21 1202
21 1266
21 1415
21 1469
21 1557
21 1627
21 1632
21 1827
22 34
22 38
22 44
22 181
22 189
22 205
22 221
22 229
22 252
22 297
22 335
22 436
22 574
22 626
22 671
22 761
22 878
22 936
22 1125
22 1293
22 1332
22 1358
22 1383
22 1390
22 1494
22 1549
22 1566
23 26
23 30
23 44
23 64
23 71
23 82
23 103
23 133
23 137
23 190
23 202
23 252
23 444
23 493
23 549
23 550
23 581
23 626
23 764
23 794
23 804
23 1033
23 1263
23 1454
23 1549
23 1866
24 25
24 34
24 55
24 62
24 77
24 85
24 87
24 94
24 126
24 165
24 220
24 231
24 242
24 308
24 337
24 341
24 346
24 363
24 407
24 493
24 527
24 535
24 640
24 674
24 872
24 985
24 1022
24 1039
24 1183
24 1196
24 1198
24 1250
24 1264
24 1269
24 1312
24 1388
24 1447
24 1677
24 1688
24 1717
24 1741
24 1816
24 1956
25 27
25 28
25 57
25 82
25 91
25 96
25 138
25 155
25 179
25 215
25 221
25 250
25 277
25 332
25 336
25 417
25 421
25 423
25 572
25 598
25 628
25 637
25 685
25 793
25 838
25 839
25 846
25 977
25 1069
25 1070
25 1089
25 1210
25 1294
25 1314
25 1353
25 1356
25 1372
25 1452
25 1462
25 1589
25 1634
26 59
26 67
26 136
26 204
26 205
26 259
26 286
26 311
26 435
26 535
26 673
26 733
26 737
26 901
26 1179
26 1343
26 1351
26 1530
26 1664
26 1883
26 1918
26 1985
27 28
27 36
27 39
27 42
27 97
27 312
27 363
27 375
27 506
27 565
27 620
27 764
27 1101
27 1109
27 1132
27 1205
27 1600
27 1606
27 1846
28 33
28 47
28 53
28 60
28 65
28 68
28 84
28 105
28 110
28 117
28 125
28 137
28 140
28 146
28 151
28 171
28 178
28 197
28 212
28 296
28 311
28 315
28 345
28 365
28 373
28 375
28 379
28 450
28 534
28 538
28 577
28 612
28 613
28 633
28 687
28 692
28 724
28 769
28 831
28 885
28 929
28 932
28 985
28 988
28 1093
28 1195
28 1256
28 1291
28 1404
28 1413
28 1419
28 1764
28 1813
28 1971
28 1973
28 1981
29 47
29 57
29 101
29 113
29 136
29 166
29 219
29 244
29 301
29 358
29 526
29 602
29 676
29 682
29 687
29 728
29 826
29 860
29 1149
29 1280
29 1500
29 1550
29 1658
29 1692
29 1880
30 31
30 33
30 41
30 42
30 46
30 49
30 69
30 76
30 88
30 99
30 101
30 111
30 114
30 130
30 139
30 150
30 157
30 182
30 186
30 249
30 267
30 278
30 289
30 296
30 299
30 311
30 321
30 362
30 367
30 389
30 398
30 402
30 411
30 440
30 464
30 502
30 511
30 553
30 582
30 681
30 687
30 719
30 772
30 783
30 788
30 806
30 875
30 878
30 909
30 943
30 946
30 957
30 968
30 1026
30 1161
30 1206
30 1363
30 1422
30 1444
30 1492
30 1509
30 1543
30 1553
30 1620
30 1653
30 1785
30 1808
30 1857
30 1859
30 1926
31 45
31 54
31 116
31 129
31 149
31 224
31 232
31 240
31 386
31 387
31 434
31 486
31 613
31 720
31 910
31 1095
31 1153
31 1180
31 1197
31 1628
31 1655
31 1895
31 1932
32 43
32 46
32 57
32 128
32 142
32 160
32 180
32 227
32 238
32 264
32 304
32 467
32 506
32 521
32 831
32 940
32 1107
32 1379
32 1510
32 1588
32 1595
33 34
33 35
33 40
33 43
33 51
33 56
33 58
33 75
33 76
33 125
33 183
33 188
33 194
33 198
33 200
33 203
33 246
33 261
33 276
33 277
33 278
33 400
33 412
33 447
33 451
33 503
33 526
33 685
33 703
33 729
33 737
33 778
33 841
33 903
33 956
33 1064
33 1114
33 1116
33 1130
33 1133
33 1193
33 1251
33 1383
33 1470
33 1506
33 1529
33 1551
33 1590
33 1639
33 1689
33 1698
33 1707
33 1714
33 1809
33 1821
33 1878
34 93
34 118
34 143
34 150
34 184
34 783
34 877
34 1032
34 1477
34 1501
34 1744
34 1815
35 61
35 83
35 130
35 145
35 450
35 493
35 497
35 594
35 850
35 922
35 1629
35 1995
36 52
36 70
36 88
36 110
36 131
36 201
36 223
36 227
36 288
36 340
36 388
36 397
36 454
36 459
36 461
36 474
36 496
36 519
36 579
36 586
36 676
36 702
36 762
36 989
36 1008
36 1073
36 1127
36 1180
36 1244
36 1281
36 1298
36 1401
36 1572
36 1780
36 1790
36 1942
37 38
37 41
37 42
37 45
37 61
37 69
37 81
37 93
37 97
37 100
37 119
37 121
37 122
37 155
37 299
37 309
37 365
37 494
37 510
37 585
37 653
37 786
37 792
37 865
37 918
37 976
37 1054
37 1073
37 1099
37 1226
37 1432
37 1444
37 1729
38 69
38 166
38 223
38 315
38 363
38 424
38 883
38 894
38 1225
38 1342
38 1378
38 1707
39 51
39 58
39 77
39 79
39 180
39 247
39 257
39 280
39 313
39 380
39 414
39 499
39 543
39 607
39 648
39 697
39 873
39 909
39 920
39 986
39 1145
39 1153
39 1367
39 1536
39 1542
39 1676
39 1868
39 1896
39 1918
40 50
40 71
40 89
40 111
40 169
40 172
40 361
40 368
40 401
40 441
40 448
40 469
40 520
40 559
40 908
40 1056
40 1086
40 1210
40 1259
40 1315
40 1366
40 1374
40 1753
40 1878
40 1983
41 126
41 127
41 193
41 219
41 225
41 228
41 243
41 273
41 281
41 395
41 470
41 502
41 575
41 578
41 598
41 1011
41 1098
41 1295
41 1300
41 1354
41 1435
41 1472
41 1861
41 1989
42 46
42 48
42 50
42 72
42 89
42 133
42 144
42 154
42 181
42 190
42 195
42 197
42 214
42 244
42 265
42 322
42 344
42 379
42 443
42 477
42 580
42 681
42 711
42 744
42 815
42 817
42 899
42 906
42 1111
42 1296
42 1355
42 1690
42 1805
42 1901
43 50
43 51
43 55
43 73
43 79
43 107
43 152
43 196
43 234
43 269
43 326
43 366
43 376
43 417
43 498
43 554
43 678
43 707
43 742
43 773
43 816
43 824
43 854
43 938
43 982
43 1021
43 1052
43 1208
43 1227
43 1265
43 1521
43 1524
43 1772
43 1973
44 50
44 67
44 86
44 101
44 103
44 123
44 184
44 223
44 265
44 314
44 322
44 343
44 353
44 405
44 408
44 712
44 749
44 752
44 973
44 1075
44 1094
44 1119
44 1209
44 1286
44 1293
44 1296
44 1360
44 1404
44 1427
44 1446
44 1587
44 1648
44 1717
44 1884
45 61
45 98
45 116
45 138
45 159
45 173
45 256
45 262
45 360
45 477
45 482
45 505
45 532
45 556
45 563
45 765
45 871
45 1183
45 1301
45 1341
45 1368
45 1411
45 1529
45 1881
46 75
46 151
46 230
46 271
46 325
46 350
46 364
46 366
46 396
46 463
46 498
46 530
46 839
46 943
46 971
46 1020
46 1027
46 1039
46 1175
46 1196
46 1245
46 1273
46 1285
46 1387
46 1461
46 1469
46 1637
46 1687
46 1927
47 48
47 63
47 75
47 101
47 153
47 156
47 261
47 275
47 283
47 291
47 294
47 298
47 305
47 376
47 517
47 689
47 710
47 720
47 895
47 1259
47 1405
47 1505
47 1600
47 1620
47 1766
48 63
48 86
48 98
48 115
48 148
48 204
48 222
48 257
48 303
48 383
48 447
48 492
48 531
48 610
48 717
48 726
48 760
48 789
48 835
48 869
48 882
48 945
48 967
48 1070
48 1077
48 1135
48 1232
48 1247
48 1285
48 1658
49 53
49 56
49 82
49 109
49 274
49 303
49 320
49 389
49 476
49 620
49 711
49 754
49 770
49 907
49 973
49 993
49 1020
49 1047
49 1117
49 1238
49 1261
49 1285
49 1318
49 1602
49 1732
50 70
50 120
50 165
50 172
50 198
50 239
50 245
50 263
50 322
50 325
50 385
50 526
50 548
50 576
50 588
50 676
50 862
50 962
50 983
50 987
50 1014
50 1261
50 1276
50 1383
50 1445
50 1757
50 1771
50 1812
51 67
51 120
51 166
51 270
51 285
51 312
51 313
51 330
51 382
51 446
51 575
51 609
51 715
51 794
51 797
51 892
51 1048
51 1173
51 1636
51 1799
51 1969
52 92
52 158
52 163
52 256
52 266
52 297
52 421
52 428
52 436
52 452
52 457
52 492
52 511
52 895
52 1124
52 1433
52 1442
52 1550
52 1554
52 1572
52 1632
52 1648
52 1792
52 1879
53 62
53 63
53 88
53 90
53 149
53 175
53 330
53 354
53 418
53 460
53 518
53 548
53 664
53 705
53 800
53 877
53 977
53 1050
53 1174
53 1376
53 1431
53 1438
53 1520
53 1608
53 1931
53 1980
54 109
54 141
54 153
54 170
54 208
54 232
54 267
54 347
54 432
54 481
54 509
54 520
54 532
54 541
54 548
54 576
54 724
54 840
54 887
54 1004
54 1007
54 1240
54 1351
54 1352
54 1356
54 1454
54 1492
54 1842
54 1964
55 59
55 67
55 72
55 79
55 84
55 92
55 107
55 132
55 142
55 162
55 195
55 217
55 241
55 278
55 325
55 348
55 375
55 596
55 610
55 637
55 670
55 703
55 740
55 805
55 817
55 863
55 866
55 1008
55 1056
55 1142
55 1185
55 1288
55 1322
55 1338
55 1364
55 1375
55 1416
55 1450
55 1611
55 1932
56 86
56 351
56 542
56 639
56 801
56 861
56 1287
56 1299
56 1307
56 1387
56 1605
56 1999
57 58
57 72
57 113
57 122
57 146
57 170
57 209
57 308
57 354
57 372
57 374
57 425
57 489
57 498
57 546
57 601
57 618
57 621
57 677
57 698
57 729
57 789
57 844
57 879
57 975
57 1017
57 1086
57 1099
57 1126
57 1282
57 1301
57 1508
57 1539
57 1614
57 1617
57 1621
57 1681
57 1760
57 1837
57 1904
58 75
58 124
58 237
58 318
58 1150
58 1382
58 1651
58 1826
59 93
59 176
59 186
59 192
59 222
59 260
59 337
59 360
59 487
59 550
59 870
59 1063
59 1491
59 1914
59 1974
60 149
60 308
60 370
60 396
60 430
60 516
60 537
60 623
60 638
60 712
60 772
60 932
60 1009
60 1122
60 1141
60 1373
60 1413
60 1523
60 1571
60 1931
60 1992
61 174
61 298
61 301
61 333
61 381
61 434
61 742
61 777
61 910
61 1066
61 1072
61 1105
61 1301
61 1307
61 1578
61 1696
61 1906
62 313
62 326
62 344
62 350
62 355
62 377
62 412
62 635
62 900
62 956
62 1068
62 1200
62 1219
62 1328
62 1558
62 1567
62 1621
62 1895
63 103
63 124
63 179
63 401
63 536
63 563
63 564
63 746
63 826
63 846
63 862
63 863
63 889
63 902
63 1033
63 1072
63 1133
63 1194
63 1220
63 1240
63 1309
64 115
64 248
64 292
64 367
64 768
64 806
64 1003
64 1141
64 1159
64 1770
64 1988
65 628
65 653
65 865
65 917
65 1288
65 1314
65 1369
65 1804
66 104
66 118
66 164
66 190
66 212
66 235
66 319
66 415
66 432
66 454
66 471
66 520
66 618
66 775
66 776
66 823
66 920
66 1302
66 1311
66 1800
66 1890
67 123
67 156
67 197
67 238
67 511
67 525
67 544
67 806
67 908
67 1246
67 1302
67 1324
67 1405
67 1452
67 1531
67 1665
67 1684
67 1772
68 107
68 112
68 117
68 118
68 168
68 189
68 225
68 410
68 466
68 519
68 708
68 755
68 799
68 826
68 874
68 894
68 944
68 952
68 1004
68 1102
68 1189
68 1195
68 1239
68 1573
68 1691
68 1719
68 1751
68 1767
68 1940
69 80
69 109
69 114
69 211
69 214
69 226
69 257
69 444
69 525
69 538
69 790
69 875
69 1074
69 1132
69 1474
69 1733
69 1833
70 106
70 113
70 126
70 138
70 153
70 185
70 193
70 199
70 202
70 248
70 263
70 303
70 344
70 363
70 392
70 411
70 424
70 464
70 481
70 501
70 572
70 623
70 627
70 643
70 654
70 692
70 754
70 805
70 814
70 882
70 1079
70 1097
70 1131
70 1145
70 1294
70 1305
70 1361
70 1414
70 1489
70 1514
70 1638
70 1664
70 1686
70 1721
70 1768
70 1904
70 1913
71 104
71 175
71 186
71 221
71 251
71 494
71 611
71 649
71 896
71 1084
71 1280
71 1360
71 1509
71 1617
71 1649
71 1907
72 100
72 107
72 118
72 123
72 129
72 131
72 139
72 210
72 219
72 241
72 365
72 411
72 486
72 488
72 489
72 595
72 704
72 706
72 781
72 796
72 799
72 802
72 804
72 808
72 852
72 1045
72 1059
72 1064
72 1117
72 1134
72 1140
72 1313
72 1453
72 1584
72 1702
72 1807
72 1902
73 293
73 403
73 515
73 599
73 762
73 1209
73 1255
73 1357
73 1764
73 1912
74 85
74 189
74 339
74 550
74 616
74 734
74 859
74 1264
74 1554
74 1579
75 141
75 173
75 269
75 336
75 343
75 392
75 438
75 453
75 467
75 478
75 990
75 1184
75 1305
75 1333
75 1339
75 1414
75 1506
75 1873
76 135
76 213
76 257
76 270
76 314
76 315
76 445
76 465
76 496
76 522
76 523
76 569
76 603
76 707
76 914
76 1249
76 1534
76 1574
76 1702
76 1799
76 1885
76 1902
76 1953
77 90
77 100
77 120
77 136
77 144
77 156
77 172
77 241
77 250
77 330
77 368
77 370
77 475
77 483
77 660
77 738
77 1079
77 1220
77 1240
77 1293
77 1307
77 1519
77 1905
78 188
78 271
78 274
78 296
78 329
78 391
78 415
78 416
78 438
78 556
78 560
78 645
78 978
78 1637
78 1961
79 83
79 140
79 228
79 374
79 545
79 697
79 745
79 789
79 854
79 918
79 930
79 1343
79 1410
79 1513
79 1652
80 157
80 202
80 242
80 253
80 401
80 571
80 757
80 828
80 905
80 1068
80 1211
80 1320
80 1407
80 1650
80 1681
81 131
81 147
81 263
81 265
81 273
81 429
81 693
81 835
81 854
81 857
81 907
81 1071
81 1080
81 1227
81 1440
81 1489
81 1696
81 1863
81 1870
81 1909
81 1926
81 1935
82 93
82 147
82 162
82 206
82 232
82 310
82 364
82 473
82 488
82 540
82 677
82 803
82 858
82 925
82 934
82 989
82 1149
82 1442
82 1446
82 1492
82 1840
82 1880
82 1939
83 866
83 1276
83 1491
84 357
84 811
84 1034
84 1247
84 1383
84 1619
84 1889
85 99
85 164
85 208
85 266
85 313
85 351
85 359
85 391
85 474
85 546
85 834
85 970
85 1018
85 1038
85 1218
85 1341
85 1369
85 1422
85 1581
85 1905
86 194
86 279
86 369
86 404
86 773
86 921
86 1000
86 1087
86 1322
87 97
87 131
87 143
87 190
87 254
87 319
87 357
87 824
87 827
87 928
87 1135
87 1268
87 1341
87 1469
87 1702
87 1901
87 1988
88 119
88 206
88 231
88 243
88 250
88 264
88 268
88 328
88 386
88 635
88 654
88 657
88 673
88 841
88 852
88 1178
88 1191
88 1249
88 1310
88 1329
88 1436
88 1451
88 1460
88 1466
88 1551
88 1596
88 1637
88 1667
88 1718
88 1820
88 1837
88 1881
88 1910
89 1477
89 1722
90 115
90 170
90 207
90 218
90 220
90 222
90 237
90 242
90 265
90 306
90 307
90 317
90 348
90 371
90 399
90 426
90 433
90 444
90 451
90 487
90 569
90 579
90 648
90 736
90 795
90 801
90 820
90 822
90 847
90 917
90 974
90 995
90 998
90 1040
90 1081
90 1109
90 1160
90 1213
90 1345
90 1530
90 1536
90 1653
90 1656
90 1670
90 1671
90 1711
90 1758
90 1775
90 1806
90 1871
90 1933
91 237
91 410
91 426
91 533
91 547
91 677
91 825
91 1265
92 178
92 245
92 565
92 725
92 1497
92 1944
93 105
93 125
93 154
93 176
93 270
93 337
93 361
93 364
93 385
93 553
93 569
93 578
93 627
93 638
93 658
93 782
93 880
93 972
93 976
93 1020
93 1151
93 1152
93 1161
93 1370
93 1406
93 1565
93 1619
93 1801
93 1832
93 1840
93 1944
94 99
94 122
94 566
94 626
94 628
94 951
94 1464
94 1529
94 1546
94 1758
95 228
95 368
95 420
95 860
95 884
95 944
95 1326
95 1559
95 1588
95 1965
96 347
96 477
96 611
96 792
96 818
96 1349
96 1434
97 173
97 177
97 258
97 328
97 489
97 513
97 700
97 781
97 784
97 787
97 868
97 941
97 950
97 1122
97 1141
97 1319
97 1780
97 1842
97 1908
97 1938
98 216
98 282
98 761
98 767
98 1389
98 1601
99 112
99 191
99 202
99 531
99 720
99 722
99 1221
99 1368
99 1504
99 1911
100 224
100 405
100 445
100 504
100 516
100 555
100 562
100 570
100 848
100 988
100 1060
100 1490
100 1511
100 1863
101 134
101 345
101 388
101 690
101 950
101 981
101 1104
102 791
102 812
102 966
102 1337
103 134
103 135
103 138
103 311
103 358
103 404
103 451
103 456
103 509
103 524
103 577
103 585
103 587
103 697
103 830
103 1139
103 1437
103 1578
103 1598
103 1739
103 1790
103 1891
103 1980
104 163
104 1145
104 1982
105 158
105 483
105 536
105 554
105 557
105 1110
105 1325
105 1362
106 322
107 388
107 493
107 574
107 651
107 681
107 709
107 719
107 1030
107 1065
107 1076
107 1473
107 1528
107 1547
107 1631
107 1706
107 1707
107 1867
108 145
108 177
108 334
108 350
108 373
108 379
108 404
108 550
108 649
108 749
108 757
108 814
108 849
108 937
108 1171
108 1625
108 1639
108 1733
108 1894
108 1933
109 110
109 194
109 267
109 334
109 595
109 721
109 753
109 924
109 938
109 1250
109 1586
109 1670
109 1777
110 161
110 306
110 686
110 782
110 1125
110 1187
110 1314
110 1953
111 237
111 353
111 463
111 559
111 577
111 652
111 1673
111 1921
112 174
112 1202
112 1256
112 1461
112 1526
112 1963
113 122
113 378
113 380
113 751
113 774
113 1384
113 1455
113 1550
113 1653
113 1720
113 1726
113 1889
113 1913
114 269
114 290
114 424
114 507
114 671
114 688
114 760
114 1078
114 1278
114 1498
114 1582
115 124
115 220
115 277
115 390
115 393
115 615
115 706
115 1054
116 152
116 360
116 408
116 485
116 768
116 1103
116 1463
116 1825
117 150
117 183
117 326
117 548
117 904
117 1148
117 1756
117 1815
118 213
118 462
118 1132
118 1268
118 1527
119 148
119 184
119 324
119 441
119 485
119 691
119 787
119 1377
119 1935
120 155
120 165
120 172
120 250
120 417
120 427
120 539
120 868
120 980
120 1002
120 1222
120 1647
120 1851
120 1925
120 1954
121 395
121 649
121 716
121 1002
121 1482
121 1774
122 179
122 205
122 214
122 221
122 309
122 391
122 402
122 429
122 439
122 470
122 512
122 611
122 741
122 833
122 1074
122 1176
122 1317
122 1323
122 1518
122 1606
122 1738
122 1877
122 1991
123 144
123 152
123 153
123 971
123 1002
123 1044
123 1065
123 1591
123 1831
123 1943
124 148
124 171
124 228
124 340
124 460
124 527
124 561
124 566
124 661
124 689
124 902
124 984
124 1015
124 1074
124 1159
124 1160
124 1259
124 1262
124 1308
124 1323
124 1364
124 1434
124 1560
125 135
125 175
125 403
125 463
125 693
125 816
125 878
125 969
125 1180
125 1345
125 1694
125 1805
125 1993
126 148
126 167
126 191
126 314
126 462
126 487
126 533
126 804
126 843
126 866
126 1266
126 1845
127 130
127 176
127 198
127 294
127 461
127 466
127 521
127 1098
127 1246
127 1354
127 1855
127 1882
128 259
128 492
128 899
128 903
129 209
129 211
129 213
129 215
129 225
129 233
129 353
129 402
129 541
129 558
129 571
129 622
129 630
129 817
129 926
129 975
129 996
129 1796
130 1220
131 210
131 507
131 596
131 853
132 139
132 474
132 610
132 1415
133 302
133 361
133 451
133 457
133 510
133 943
133 1037
133 1128
133 1318
133 1495
133 1561
133 1601
133 1874
134 519
134 798
134 1398
135 157
135 229
135 268
135 281
135 327
135 419
135 478
135 606
135 722
135 812
135 910
135 1202
135 1289
135 1487
135 1556
135 1605
135 1680
135 1719
136 527
136 879
137 774
137 986
137 1305
137 1696
138 239
138 351
138 536
138 568
138 592
138 946
138 1049
138 1062
138 1093
138 1161
138 1163
138 1178
138 1236
138 1291
138 1389
138 1424
138 1588
138 1758
138 1916
139 336
139 400
139 491
139 561
139 777
139 1047
139 1436
140 249
140 309
140 732
140 755
140 879
140 931
140 1365
141 169
141 178
141 187
141 219
141 465
141 566
141 823
141 1092
141 1147
141 1219
141 1306
141 1817
141 1849
142 630
142 1012
142 1814
142 1849
143 200
143 220
143 238
143 374
143 544
143 570
143 583
143 621
143 674
143 841
143 1074
143 1151
143 1498
143 1620
143 1800
144 149
144 595
144 609
144 916
144 1013
144 1062
145 284
145 1101
145 1453
145 1499
146 240
146 301
146 544
146 651
146 734
146 870
146 1012
146 1081
146 1087
146 1163
146 1289
146 1393
146 1555
146 1638
146 1651
146 1680
146 1780
146 1866
147 182
147 427
147 586
147 594
147 601
147 739
147 927
147 1223
147 1677
147 1893
148 185
148 255
148 261
148 355
148 695
148 800
148 1041
148 1143
148 1144
148 1187
148 1236
148 1855
148 1868
149 208
149 318
149 347
149 439
149 534
149 540
149 655
149 694
149 710
149 785
149 1140
149 1281
149 1835
149 1907
150 160
150 201
150 320
150 329
150 384
150 406
150 430
150 539
150 607
150 672
150 815
150 857
150 871
150 876
150 979
150 1063
150 1190
150 1646
150 1790
152 158
152 212
152 239
152 647
152 705
152 726
152 837
152 1378
152 1630
152 1680
152 1728
152 1881
153 263
153 484
153 557
153 599
153 656
153 1250
153 1309
153 1335
153 1542
153 1695
153 1760
153 1925
154 201
154 334
154 342
154 500
154 776
154 897
154 1017
154 1285
155 262
155 419
155 1622
156 203
156 247
156 330
156 436
156 458
156 1239
156 1260
156 1507
156 1613
156 1705
157 199
157 407
157 816
157 908
157 977
157 1005
157 1029
157 1256
157 1284
157 1501
157 1591
157 1658
157 1697
157 1745
157 1787
158 562
158 676
158 814
158 1097
158 1279
159 167
159 174
159 193
159 211
159 217
159 233
159 283
159 287
159 300
159 312
159 369
159 394
159 408
159 448
159 484
159 500
159 503
159 597
159 641
159 659
159 758
159 767
159 780
159 878
159 891
159 975
159 1024
159 1048
159 1050
159 1193
159 1622
159 1625
159 1689
159 1728
159 1789
159 1886
159 1940
159 1993
160 165
160 477
160 560
160 618
160 816
160 958
160 1191
160 1232
160 1278
160 1381
160 1386
160 1442
161 305
161 547
161 567
161 752
161 919
161 1112
161 1449
161 1671
161 1754
161 1842
162 164
162 226
162 679
162 887
162 918
162 1474
162 1885
163 183
163 187
163 328
163 572
163 634
163 644
163 1156
163 1163
163 1188
164 498
164 524
165 1166
165 1335
165 1507
165 1543
166 724
166 890
166 1523
167 169
167 487
167 650
167 731
167 864
167 869
167 1017
167 1165
167 1277
167 1365
167 1783
167 1811
167 1951
168 174
168 742
168 983
168 1053
168 1876
169 191
169 197
169 287
169 355
169 528
169 833
169 1433
170 212
170 254
170 290
170 727
170 857
170 1022
170 1324
170 1710
171 407
171 472
171 1295
172 222
172 1873
173 196
173 584
173 600
173 647
173 1401
173 1791
173 1916
173 1966
174 204
174 259
174 272
174 367
174 488
174 502
174 668
174 727
174 921
174 1086
174 1110
174 1592
174 1682
174 1715
174 1718
174 1785
174 1921
174 1994
175 377
175 473
175 1042
175 1623
175 1817
176 248
176 339
176 911
176 1245
176 1447
176 1464
176 1945
176 1959
177 243
177 296
177 484
177 608
177 731
177 932
177 1098
177 1211
177 1468
177 1522
177 1545
177 1643
178 199
178 210
178 261
178 397
178 663
178 797
178 1302
179 192
179 256
179 561
179 736
179 1551
179 1657
180 216
180 236
180 428
180 633
180 745
180 995
180 1123
180 1136
180 1212
181 418
181 469
181 489
181 659
181 1136
181 1970
182 218
182 1822
183 252
183 289
183 320
183 371
183 737
183 1066
183 1186
183 1313
183 1421
183 1576
183 1599
183 1761
183 1762
183 1765
184 260
184 402
184 437
184 664
184 675
184 823
184 935
184 1517
184 1635
184 1779
184 1871
185 186
185 931
185 1045
185 1735
185 1843
185 1981
186 239
186 285
186 357
186 433
186 472
186 502
186 560
186 606
186 613
186 630
186 925
186 965
186 1066
186 1158
187 199
187 253
187 259
187 266
187 267
187 356
187 360
187 406
187 563
187 615
187 653
187 858
187 971
187 1047
187 1103
187 1212
187 1292
187 1420
187 1578
187 1888
188 802
188 842
188 1244
188 1519
188 1747
188 1972
189 449
189 909
189 1130
189 1149
189 1966
190 269
190 587
190 648
190 838
190 872
190 1114
190 1154
190 1199
190 1624
190 1750
190 1797
191 207
191 224
191 321
191 573
191 929
191 1173
192 281
192 331
192 417
192 644
192 893
192 898
192 957
192 964
192 979
192 1093
192 1195
192 1415
192 1567
192 1705
192 1711
192 1908
193 216
193 298
193 335
193 352
193 358
193 422
193 428
193 461
193 584
193 609
193 645
193 722
193 733
193 793
193 805
193 813
193 839
193 886
193 906
193 908
193 920
193 1011
193 1046
193 1101
193 1175
193 1218
193 1233
193 1311
193 1375
193 1851
193 1950
194 275
194 467
194 1167
194 1274
194 1334
194 1517
194 1744
195 629
195 748
195 1235
195 1343
195 1766
196 217
196 270
196 349
196 605
196 661
196 897
196 933
196 1123
196 1288
196 1300
196 1437
196 1858
197 275
197 438
197 446
197 1304
197 1486
197 1999
198 258
198 297
198 304
198 305
198 476
198 516
198 627
198 1070
198 1407
198 1511
198 1816
198 1992
199 234
199 478
199 1324
199 1355
199 1668
200 294
200 297
200 1025
200 1046
200 1105
200 1323
200 1535
201 224
201 418
201 440
201 686
201 709
201 887
201 910
201 1870
202 236
202 364
202 660
202 732
202 753
202 1009
202 1095
202 1290
202 1735
203 244
203 246
203 547
203 1016
203 1115
203 1127
203 1198
203 1208
203 1321
203 1503
203 1671
203 1759
204 780
204 1655
204 1837
205 214
205 327
205 456
205 1124
205 1389
205 1433
205 1441
205 1561
205 1640
205 1876
205 1906
206 335
206 352
206 370
206 749
206 1061
206 1760
207 210
207 442
207 605
207 683
207 1158
207 1559
207 1593
207 1626
207 1669
208 1558
208 1657
209 558
209 1372
209 1969
210 241
210 255
210 509
210 1426
210 1603
211 247
211 273
211 332
211 387
211 729
211 1563
211 1690
211 1748
211 1893
212 380
212 398
212 462
212 482
212 893
212 988
212 991
212 1802
212 1826
212 1920
213 342
213 524
213 1053
213 1231
213 1544
213 1979
214 247
214 293
214 632
214 872
214 1138
214 1649
215 1597
216 240
216 280
216 607
216 624
216 632
216 784
216 819
216 1182
216 1235
216 1381
216 1666
216 1685
217 499
217 529
217 570
217 600
217 624
217 642
217 1231
217 1635
218 334
218 514
218 585
218 662
218 709
218 813
218 996
218 1615
218 1816
219 329
219 449
219 490
219 552
219 583
219 1962
220 1262
220 1846
221 807
221 1795
222 252
222 295
222 437
222 562
222 772
222 853
222 974
222 1177
222 1475
222 1610
222 1677
223 255
223 316
223 458
223 461
223 471
223 500
223 517
223 779
223 812
223 985
223 1005
223 1488
223 1613
223 1911
224 253
224 291
224 575
225 262
225 355
225 479
225 1052
225 1144
225 1624
225 1682
226 240
226 705
226 950
226 963
226 1054
226 1296
226 1953
227 285
227 367
227 440
227 491
227 564
227 957
227 1297
227 1326
227 1493
227 1522
227 1757
227 1879
228 236
228 245
228 586
228 832
228 1106
228 1130
228 1243
228 1498
228 1577
228 1783
229 383
229 697
229 1026
229 1533
229 1954
230 543
230 864
230 948
230 1007
230 1014
230 1349
230 1571
231 253
231 288
231 290
231 300
231 399
231 465
231 466
231 588
231 870
231 927
231 931
231 939
231 1028
231 1359
231 1583
231 1712
231 1810
231 1830
231 1841
231 1972
232 310
232 332
232 393
232 400
232 574
232 626
232 656
232 779
232 835
232 844
232 888
232 970
232 1258
232 1334
232 1582
232 1597
232 1600
232 1601
232 1628
232 1675
232 1774
233 567
233 602
233 1309
233 1542
233 1961
234 1228
235 588
235 1110
235 1451
235 1647
235 1951
236 266
236 347
236 513
236 614
236 736
236 771
236 782
236 860
236 1252
236 1648
236 1740
236 1802
237 282
237 304
237 409
237 604
237 616
237 651
237 944
237 1257
237 1639
237 1724
238 242
238 276
238 284
238 372
238 476
238 551
238 617
238 821
238 858
238 1331
239 280
239 382
239 391
239 424
239 436
239 1417
239 1914
239 1967
240 251
240 272
240 374
240 433
240 509
240 589
240 712
240 831
240 832
240 886
240 1139
240 1294
240 1465
240 1500
240 1626
240 1641
241 476
241 551
241 643
241 652
241 1535
241 1540
241 1963
242 279
242 324
242 552
242 798
242 1425
242 1711
242 1835
243 288
243 528
243 545
243 668
243 969
243 1033
243 1106
243 1112
243 1402
243 1725
243 1818
243 1890
244 492
244 959
244 1554
244 1591
245 286
245 494
245 575
245 696
245 714
245 942
245 1943
246 324
246 361
246 383
246 409
246 427
246 532
246 896
246 1642
247 1224
248 428
248 840
248 885
248 1903
249 264
249 324
249 1182
249 1893
250 300
250 356
250 423
250 630
250 916
250 927
250 964
250 1196
250 1771
251 1084
251 1482
252 437
252 651
252 836
252 864
252 1091
252 1270
252 1573
252 1945
253 306
253 788
253 1419
253 1735
253 1978
254 295
254 318
254 327
254 822
254 921
254 935
254 1126
254 1234
254 1249
254 1399
254 1482
254 1703
254 1805
255 354
255 395
255 665
255 1828
255 1854
256 631
256 961
256 1224
256 1228
256 1368
256 1430
256 1992
257 323
257 366
257 832
257 930
257 1221
258 284
258 547
258 791
258 913
258 1242
258 1403
258 1424
259 411
259 520
259 811
259 1216
259 1323
259 1362
259 1515
259 1950
260 328
260 551
260 663
260 890
260 1617
261 721
261 1478
261 1508
261 1748
263 468
263 880
263 1239
263 1279
263 1396
263 1922
264 1136
264 1227
264 1861
265 287
265 300
265 723
265 1552
266 430
266 631
266 684
266 717
266 996
266 999
266 1122
266 1199
266 1298
266 1622
266 1812
267 1213
267 1411
268 318
268 430
268 810
268 949
268 1008
268 1226
268 1277
268 1782
269 285
269 373
269 580
269 666
269 947
269 1079
269 1421
269 1629
269 1877
269 1900
270 277
270 947
270 995
270 1000
270 1203
270 1953
271 395
271 566
271 632
271 803
271 976
271 1121
271 1299
271 1415
271 1745
271 1960
272 342
272 802
272 815
272 1363
272 1396
272 1675
273 307
273 614
273 757
273 796
273 847
273 868
273 926
273 1182
273 1441
274 567
274 881
274 1334
274 1597
275 923
275 1116
275 1335
275 1832
276 338
276 340
276 394
276 640
276 672
276 704
276 739
276 747
276 771
276 913
276 984
276 1162
276 1604
276 1714
276 1767
276 1938
277 331
277 1067
278 293
278 317
278 372
278 382
278 434
278 460
278 475
278 508
278 590
278 602
278 665
278 713
278 752
278 948
278 961
278 1021
278 1091
278 1101
278 1376
278 1517
278 1796
278 1841
278 1919
278 1945
279 286
279 423
279 698
279 1154
279 1480
279 1869
280 283
280 558
280 606
281 624
281 845
281 884
281 924
281 1330
281 1531
281 1752
282 315
282 530
282 730
282 761
282 769
282 929
282 1200
282 1366
282 1457
282 1591
282 1608
282 1612
283 288
283 811
284 302
284 473
284 1266
284 1608
284 1786
284 1830
285 386
285 496
285 597
285 644
285 1023
285 1028
285 1157
285 1395
286 310
286 656
286 723
286 834
286 992
286 1695
286 1862
286 1906
287 369
287 549
287 672
287 799
287 904
287 955
287 1042
288 472
288 506
288 761
288 1467
288 1705
289 746
289 1166
289 1843
290 467
290 622
290 1010
290 1272
290 1483
290 1525
291 661
291 687
291 1284
291 1386
291 1870
292 304
292 669
292 713
292 935
292 1329
292 1572
292 1636
292 1933
292 1940
293 537
293 751
293 865
293 1138
293 1455
294 307
294 316
294 422
294 427
294 937
294 951
294 1168
294 1261
294 1283
294 1743
295 718
295 745
295 882
295 997
295 1026
295 1252
295 1367
295 1457
295 1645
296 325
296 744
296 933
296 1319
296 1607
296 1957
297 340
297 500
297 517
297 764
297 1538
297 1712
297 1734
298 378
298 380
298 455
298 539
298 680
298 684
298 856
298 911
298 978
298 981
298 1003
298 1019
298 1027
298 1038
298 1052
298 1113
298 1181
298 1200
298 1211
298 1377
298 1397
298 1448
298 1471
298 1543
298 1604
299 314
299 346
299 495
299 538
299 1347
299 1416
300 481
300 528
300 639
300 792
300 1315
300 1577
301 309
301 667
301 1141
301 1268
301 1380
301 1450
302 343
302 1299
302 1359
302 1378
302 1977
303 341
303 409
303 449
303 577
303 713
303 778
303 790
303 1044
305 1229
306 365
306 747
306 845
306 914
307 988
307 1128
307 1349
308 369
308 422
308 1097
309 525
309 596
309 619
309 834
309 939
309 1048
309 1075
309 1118
309 1162
309 1263
309 1304
309 1325
309 1372
309 1450
309 1579
309 1827
309 1834
310 456
310 831
310 855
310 937
310 1229
310 1272
310 1391
310 1553
311 331
311 362
311 416
311 496
311 568
311 668
311 1570
312 485
312 672
312 1021
312 1918
312 1962
313 317
313 470
313 521
313 573
313 829
313 1269
313 1328
313 1401
313 1427
313 1749
314 659
314 813
314 1000
314 1090
314 1777
314 1839
315 468
315 1181
315 1358
315 1698
315 1915
315 1927
315 1946
315 1997
316 426
316 514
316 529
316 1633
317 381
317 1035
317 1796
317 1940
318 727
318 1096
318 1541
318 1729
318 1788
319 381
319 384
319 420
319 603
319 754
319 819
319 949
319 1137
319 1206
319 1541
319 1791
319 1796
320 495
320 748
320 1425
320 1580
320 1610
321 1127
321 1232
322 381
322 601
322 643
322 652
322 743
322 1028
322 1537
322 1713
323 413
323 912
323 1139
324 372
324 392
324 406
324 432
324 435
324 832
324 958
324 1035
324 1465
324 1631
324 1920
325 523
325 824
325 1685
325 1821
326 604
326 707
326 778
326 889
326 901
326 933
326 1031
326 1977
327 414
327 531
327 599
327 682
327 1037
327 1304
327 1540
327 1547
327 1565
327 1604
327 1642
327 1665
327 1672
327 1842
328 338
328 478
328 499
328 554
328 923
328 1997
329 409
329 542
329 643
329 678
329 764
329 936
329 1598
329 1761
329 1923
330 1112
330 1545
330 1700
331 706
331 845
331 1225
331 1297
331 1438
331 1650
331 1744
332 339
332 579
332 601
332 984
332 1648
333 410
333 555
333 571
333 665
333 1222
333 1575
333 1589
333 1799
333 1830
334 368
334 779
334 1110
334 1121
334 1171
334 1292
334 1404
334 1445
334 1495
334 1557
334 1566
334 1609
334 1742
334 1922
335 515
335 522
335 1166
335 1283
335 1593
335 1596
336 688
336 907
336 936
336 1100
336 1192
336 1278
336 1395
336 1605
337 512
337 714
337 846
337 1678
337 1995
338 675
338 698
338 1158
338 1360
338 1439
338 1509
338 1845
338 1889
339 455
339 535
339 955
339 1155
339 1690
339 1761
340 359
340 390
340 774
340 834
340 874
340 1055
340 1306
340 1356
340 1562
340 1603
340 1804
341 513
341 707
341 1460
341 1798
342 512
342 616
342 1269
342 1630
342 1715
343 410
343 507
343 555
343 1058
343 1243
343 1249
343 1662
344 375
344 376
344 880
344 932
344 1258
344 1271
345 379
345 802
345 1292
345 1587
345 1630
346 735
346 1241
346 1297
347 359
347 429
347 510
347 886
347 1060
347 1180
347 1298
347 1544
347 1562
347 1654
347 1814
347 1891
348 558
348 661
348 1021
348 1526
348 1699
349 354
349 453
349 535
349 681
349 844
349 972
349 1018
349 1040
349 1316
349 1665
349 1763
350 431
350 732
350 833
350 919
351 639
351 955
351 965
352 569
352 610
352 780
352 1413
352 1949
353 384
353 401
353 635
353 674
353 1037
353 1408
353 1639
353 1859
354 431
354 455
354 682
354 948
354 1202
354 1819
356 490
356 692
356 765
356 1792
357 481
357 1267
357 1925
358 397
358 619
358 708
358 1066
359 371
359 419
359 437
359 593
359 664
359 666
359 742
359 784
360 607
360 835
360 1133
360 1363
360 1686
360 1900
361 389
361 464
361 564
361 766
361 870
361 1023
361 1044
361 1078
361 1127
361 1693
362 434
362 568
362 758
362 867
362 954
362 1602
362 1740
362 1853
363 425
363 592
363 683
363 1322
363 1340
363 1686
364 373
364 696
364 845
364 947
364 1042
364 1069
364 1731
365 617
365 966
365 1594
365 1820
366 530
366 542
366 664
366 765
366 1637
367 746
367 789
367 968
367 1398
367 2000
368 420
368 574
368 695
368 696
368 774
368 810
368 965
368 1126
368 1310
368 1328
368 1485
368 1777
368 1960
369 505
369 702
369 1473
369 1876
370 393
370 422
370 447
370 780
370 1130
370 1394
371 650
372 448
372 612
372 836
372 1115
372 1248
373 471
373 684
373 956
373 1476
374 495
374 655
374 1208
375 416
375 431
375 439
375 527
375 542
375 654
375 686
375 704
375 733
375 838
375 892
375 970
375 1369
375 1548
375 1581
375 1641
376 515
376 594
376 650
377 431
377 590
377 1228
377 1502
378 432
378 453
378 680
378 779
378 1344
378 1407
379 506
379 648
379 733
379 785
379 1143
379 1156
379 1236
379 1710
380 475
380 703
380 855
380 987
380 1071
380 1087
380 1488
380 1599
381 425
381 480
381 534
381 666
381 809
381 1076
381 1137
381 1148
381 1292
381 1762
382 923
382 1347
382 1543
383 736
383 1047
383 1201
383 1221
383 1385
383 1892
384 1655
384 1801
385 497
385 629
385 666
385 1446
385 1848
386 564
386 815
386 1092
386 1138
386 1203
386 1267
386 1618
386 1660
386 1862
387 1382
388 624
388 897
388 1197
388 1964
389 658
389 821
389 888
389 961
389 1486
389 1489
389 1677
389 1915
390 418
390 529
390 770
390 966
390 1071
390 1736
391 522
391 968
391 1102
391 1178
391 1541
391 1999
392 1058
392 1203
392 1390
392 1512
392 1516
392 1797
393 449
393 458
393 469
393 514
393 572
393 808
393 847
393 862
393 991
393 1089
393 1176
393 1348
393 1469
393 1808
393 1834
394 457
394 1823
395 465
395 619
395 715
395 1342
395 1487
395 1605
395 1615
396 442
396 1031
397 603
397 847
397 861
397 948
397 967
397 1409
397 1504
397 1722
397 1986
397 1993
398 914
398 1215
399 540
399 1189
399 1266
399 1270
400 796
400 1824
402 495
402 497
402 621
402 852
402 946
402 1072
402 1151
402 1339
402 1683
402 1690
402 1839
403 900
403 1059
403 1173
403 1653
403 1656
404 456
404 650
404 880
404 1847
405 941
405 1069
406 840
406 866
406 1162
406 1410
406 1557
406 1610
407 537
407 634
407 739
407 1046
407 1602
407 1708
408 421
408 459
408 483
408 556
408 1154
408 1267
408 1468
408 1478
408 1695
409 613
409 891
409 1083
409 1146
409 1316
409 1357
409 1481
411 873
411 899
411 1443
411 1579
411 1766
412 414
412 1086
412 1120
413 1128
413 1359
414 699
414 744
414 850
414 889
414 1425
415 463
415 636
415 1465
416 590
416 636
416 710
416 1708
417 940
417 1154
417 1713
417 1921
419 641
419 647
419 915
419 1019
419 1043
420 1104
420 1105
420 1916
421 678
421 1435
422 945
422 1477
422 1590
422 1683
422 1728
423 490
423 543
423 593
423 768
423 1263
423 1525
423 1535
423 1546
423 1585
423 1658
424 580
424 1530
425 545
425 1399
426 645
426 963
426 1827
427 645
427 1560
427 1599
427 1962
428 445
428 582
428 646
428 679
428 985
428 1123
428 1131
428 1231
428 1568
428 1651
428 1816
429 551
429 699
429 1659
430 514
430 523
430 655
430 993
430 1284
430 1358
430 1503
430 1738
431 443
431 469
431 549
431 1354
432 475
432 482
432 622
432 1336
432 1936
433 973
433 1358
433 1476
433 1628
434 753
434 1865
435 708
435 820
435 1031
435 1174
435 1462
435 1463
435 1467
436 479
436 522
436 534
436 807
436 875
436 928
436 1274
436 1590
436 1726
436 1752
436 1784
436 1829
437 760
437 1131
437 1443
438 526
438 546
438 583
438 608
438 622
438 820
438 898
438 1643
438 1943
439 573
439 600
439 962
439 1029
439 1089
439 1114
439 1400
439 1490
439 1520
439 1680
439 1762
439 1944
440 593
440 629
440 1712
441 1217
441 1699
441 1839
442 549
442 680
442 721
442 767
442 778
442 1005
442 1036
442 1175
442 1486
443 1333
443 1640
443 1967
444 488
444 583
444 966
444 1223
444 1271
444 1405
444 1595
445 472
446 655
446 894
448 1198
449 759
450 1082
450 1172
451 671
451 1334
451 1366
451 1523
452 679
452 1573
452 1619
452 1919
453 533
453 540
453 692
453 700
453 728
453 1155
453 1291
453 1544
453 1818
454 753
454 825
454 1165
454 1281
454 1385
455 1108
456 508
456 584
456 1023
456 1027
457 459
457 557
457 957
457 1245
457 1565
457 1594
457 1673
457 1729
458 518
458 914
458 1225
458 1435
458 1788
458 1963
458 1994
459 589
459 637
459 865
459 1455
460 479
460 836
460 913
460 1461
460 1575
460 1831
461 570
461 1096
461 1459
461 1704
461 1934
462 720
462 861
462 1120
463 494
463 749
463 1325
463 1752
463 1947
463 1996
464 763
464 1290
464 1333
464 1670
464 1758
464 1763
464 1965
465 539
465 670
465 1345
465 1555
466 505
466 615
466 738
466 974
466 1114
466 1257
467 679
468 822
468 842
468 1223
468 1453
469 740
470 638
470 1171
470 1241
470 1289
471 614
471 1107
471 1969
472 513
472 619
472 980
472 1298
472 1958
473 504
473 518
473 590
473 625
473 690
473 883
473 1051
473 1253
473 1593
474 510
474 640
474 1271
474 1732
475 1569
475 1623
475 1691
475 1795
475 1812
475 1934
476 682
476 725
476 821
476 848
476 909
476 1198
476 1219
476 1364
476 1657
476 1785
476 1889
477 641
477 1913
478 589
478 617
478 634
478 785
480 600
480 641
480 718
480 801
480 1504
480 1655
480 1685
481 695
481 1015
481 1707
481 1728
482 746
482 776
482 788
483 552
483 606
483 674
483 1079
483 1567
483 1682
483 1713
483 1739
484 1279
484 1375
485 490
485 1100
486 767
486 863
486 930
486 1075
486 1781
488 519
488 1174
488 1332
488 1464
488 1496
488 1899
489 837
489 967
489 1153
489 1927
490 503
490 545
490 573
490 759
490 1536
490 1742
490 1803
490 1828
490 1871
490 1982
492 639
492 1117
493 1485
494 532
494 667
494 1076
494 1392
494 1631
495 741
495 944
496 581
496 597
496 1668
496 1814
497 562
497 798
498 597
498 675
498 942
498 1188
498 1412
498 1946
498 1972
499 1581
499 1841
500 1497
501 771
501 927
501 1168
501 1613
501 1825
501 1850
501 1924
502 595
502 1398
502 1836
503 612
503 694
503 1225
504 717
505 861
505 1207
505 1414
506 578
506 701
506 877
506 1111
506 1139
506 1405
506 1990
507 747
507 841
507 849
507 875
507 1032
507 1576
507 1738
507 1832
507 1878
508 691
508 725
508 804
508 1923
509 512
509 1008
509 1181
509 1361
509 1388
509 1483
509 1737
509 1907
509 1920
510 653
510 668
510 1003
510 1124
511 723
511 756
512 842
512 1041
512 1186
512 1254
512 1836
513 591
513 616
513 657
513 830
514 718
514 766
514 1164
514 1264
514 1570
514 1733
515 1514
516 544
516 677
516 806
516 1161
516 1329
516 1384
517 538
517 796
517 1318
517 1559
518 656
518 670
518 693
518 822
518 904
518 1041
518 1475
518 1493
518 1588
518 1619
518 1721
519 592
519 739
519 818
519 829
519 1022
519 1082
519 1212
520 783
520 939
520 1048
520 1428
520 1506
520 1736
520 1831
521 702
521 706
521 1082
521 1186
521 1378
521 1866
522 1272
522 1560
524 748
524 1863
524 1959
524 1982
525 698
525 1001
525 1318
525 1479
526 814
526 1251
526 1689
527 599
527 998
527 1123
527 1150
527 1172
527 1568
527 1704
527 1793
527 1930
527 1955
527 1979
528 1058
529 867
529 1793
529 1820
530 1120
530 1241
530 1505
530 1649
531 1382
531 1937
532 615
532 1043
533 892
533 1426
533 1563
533 1823
534 685
534 781
535 543
535 646
535 895
535 1152
536 1083
537 646
537 700
537 1208
537 1618
537 1672
537 1802
538 797
538 1490
539 1392
539 1481
539 1857
540 625
540 836
540 1917
541 1297
542 625
542 837
542 1355
542 1765
542 1910
544 563
544 867
544 1010
544 1098
544 1331
544 1928
544 1948
545 1423
545 1427
545 1898
546 633
546 851
546 885
546 922
546 1029
546 1070
546 1207
546 1700
546 1986
547 791
547 951
547 1128
547 1616
547 1687
548 716
548 1809
548 1858
549 644
549 1985
550 646
550 758
550 783
550 882
551 782
552 986
552 1214
553 714
553 959
553 1281
553 1371
554 732
555 620
555 1503
555 1616
556 738
556 766
556 1237
556 1524
556 1630
557 631
557 684
557 727
557 851
557 1272
557 1516
557 1549
557 1745
558 565
558 591
558 1267
558 1553
559 1061
560 994
561 1761
562 688
562 884
563 1494
564 660
564 790
564 856
564 928
564 940
564 1143
564 1288
564 1460
564 1790
565 662
566 602
566 1094
567 856
567 881
567 904
567 1096
567 1211
567 1433
567 1609
567 1877
568 701
571 671
571 769
571 1396
571 1505
571 1695
572 620
572 906
572 1526
573 576
573 1112
573 1118
573 1146
573 1214
573 1683
573 1702
573 1825
573 1975
574 795
574 894
574 1169
574 1868
575 786
575 1314
575 1575
575 1694
576 593
576 810
576 943
576 1067
576 1730
576 1747
577 810
577 1240
578 617
578 1173
578 1201
578 1215
578 1522
579 743
579 873
579 1158
579 1676
579 1779
579 1810
580 715
580 1300
580 1312
580 1444
580 1878
580 1884
581 893
581 1006
581 1429
581 1448
582 740
583 777
583 913
583 1183
583 1215
583 1406
583 1413
583 1532
583 1537
584 618
584 1353
584 1669
585 1348
585 1447
585 1624
587 762
587 941
587 1083
587 1363
587 1512
587 1910
588 905
588 1316
588 1541
588 1564
588 1657
588 1853
589 636
589 1185
589 1803
590 631
590 803
590 933
590 954
590 1692
590 1769
591 1850
592 818
592 1685
593 924
593 945
593 1671
594 741
594 1700
594 1864
595 704
595 1905
596 640
596 750
596 1589
596 1976
598 851
598 992
598 1001
598 1152
598 1170
598 1320
598 1367
599 627
599 723
599 799
599 873
599 1147
599 1438
599 1621
599 1644
599 1673
599 1850
600 1286
601 690
601 901
602 609
602 642
602 730
602 825
602 1224
602 1450
602 1500
602 1897
602 1974
603 740
603 807
603 1414
604 1459
605 958
605 1660
605 1971
606 803
607 716
607 809
607 954
607 1189
607 1456
608 657
608 1456
608 1466
608 1771
608 1882
609 612
610 691
610 942
610 1192
610 1924
612 924
612 1894
613 694
613 1012
615 1050
615 1571
615 1610
615 1617
616 1057
616 1243
617 773
617 1344
617 1781
618 729
618 1170
618 1177
618 1313
618 1373
618 1555
619 874
619 1024
619 1077
619 1134
619 1482
620 768
620 938
620 969
620 1807
620 1942
621 1391
621 1515
622 703
622 716
622 1416
622 1573
622 1688
622 1781
623 1176
623 1257
623 1891
624 689
624 851
624 1311
624 1508
624 1627
625 1426
625 1548
626 659
626 1397
626 1697
626 1860
627 662
627 1108
627 1164
627 1179
628 1019
628 1053
628 1300
628 1555
628 1679
628 1795
628 1997
629 1246
629 1386
629 1429
629 1678
629 2000
630 738
630 770
631 737
631 1542
631 1962
632 871
632 1016
632 1096
633 708
633 923
633 931
634 726
634 964
634 1205
635 662
635 1017
635 1480
635 1646
635 1939
635 1941
637 1030
637 1226
637 1253
637 1385
637 1396
637 1463
638 669
638 1916
638 1917
639 1748
639 1984
640 963
641 934
641 1000
641 1113
641 1268
641 1881
642 1050
643 678
643 756
643 1133
643 1214
644 828
644 850
644 1293
644 1778
645 701
645 827
645 859
645 994
645 1340
645 1484
646 1156
646 1397
646 1458
646 1849
647 1593
649 714
649 1157
649 1329
649 1379
649 1425
649 1633
650 801
652 689
653 770
653 777
653 1350
653 1879
654 751
654 848
654 1147
654 1172
654 1220
654 1635
654 1749
654 1843
654 1893
655 896
657 1330
658 960
658 1412
658 1424
658 1814
659 979
659 1473
659 1582
660 763
661 667
661 690
661 1602
662 1199
663 1164
663 1751
663 1809
664 899
664 1091
664 1420
664 1735
664 1845
664 1972
665 693
665 1984
666 1327
666 1495
666 1640
666 1905
667 827
667 1025
668 953
670 745
670 755
670 1319
670 1515
671 710
671 995
671 1068
671 1784
671 1929
672 857
672 885
673 1402
674 1327
676 696
676 741
676 1107
676 1248
676 1509
676 1534
676 1813
678 683
679 775
679 1009
679 1507
680 1576
680 1684
680 1808
682 785
682 879
683 735
683 758
683 886
683 990
683 1044
683 1045
683 1077
684 820
684 912
684 1253
684 1348
684 1478
684 1586
684 1779
685 1435
686 853
686 1140
686 1977
687 854
687 939
687 956
687 969
687 1432
687 1948
688 859
688 1010
688 1092
688 1826
689 721
689 735
689 930
689 1178
690 825
691 846
692 1604
692 1762
693 920
693 1168
693 1303
695 942
695 1969
696 750
696 876
696 1350
697 1336
697 1346
698 1125
698 1803
698 1979
699 700
699 970
699 1131
699 1392
699 1394
699 1902
700 1337
700 1612
700 1833
700 1914
702 766
702 838
702 1475
702 1942
703 762
703 819
703 912
703 953
703 1352
703 1483
703 1508
703 1664
703 1999
704 953
704 1052
704 1428
704 1511
704 1644
705 817
705 1238
705 1258
705 1807
705 1957
706 808
706 876
706 986
706 1778
707 843
707 1085
707 1191
707 1861
708 1171
709 896
709 1226
710 712
710 1036
710 1228
710 1794
710 1989
711 1234
711 1253
712 1092
712 1811
713 819
713 833
713 1528
714 980
714 1013
714 1470
714 1919
717 1062
717 1377
717 1511
717 1775
720 839
720 1204
720 1490
722 1886
723 787
723 868
723 989
723 991
723 1286
724 977
724 1205
724 1976
725 1125
725 1192
725 1256
725 1705
726 1981
727 945
727 1155
727 1709
728 1476
728 1607
728 1750
729 1400
729 1865
732 1100
733 809
733 972
733 1084
733 1185
733 1206
733 1386
733 1521
733 1860
733 1875
733 1888
734 744
734 949
734 1283
734 1942
735 1167
735 1376
736 1051
736 1085
736 1142
736 1494
736 1524
736 1603
736 1980
737 776
737 1409
739 1927
740 843
740 872
741 751
741 1341
741 1569
741 1709
742 1299
743 890
744 759
744 794
744 1280
744 1929
745 1099
747 1451
747 1723
747 1873
749 1638
750 1420
750 1864
750 1931
751 926
751 1229
751 1474
751 1788
752 987
752 1279
752 1443
753 926
753 1330
753 1874
754 763
754 829
754 1374
755 800
755 807
755 1644
755 1738
756 852
756 1238
756 1428
757 1546
758 893
758 1497
759 952
761 1987
764 797
764 911
764 982
764 1152
765 1169
765 1797
766 795
766 1024
766 1506
766 1909
766 1919
767 828
767 1046
767 1470
767 1661
768 1018
769 1312
769 1471
770 1053
771 1085
771 1529
772 1165
772 1231
772 1308
772 1948
774 1308
774 1931
774 1938
775 1402
776 1194
776 1250
777 1422
777 1528
777 1813
778 829
778 1423
779 1586
780 849
780 883
780 978
781 1037
781 1229
781 1380
782 895
782 1451
782 1532
782 1782
782 1982
783 1217
783 1260
783 1968
784 1129
785 1038
785 1194
785 1540
785 1764
787 793
787 900
787 1006
787 1121
787 1290
787 1384
787 1725
787 1759
788 876
788 902
788 962
788 1754
788 1769
789 1020
792 877
792 938
792 1126
792 1147
792 1242
792 1371
792 1464
792 1558
793 1118
795 1255
795 1431
795 1523
795 1909
795 1957
796 840
796 1004
796 1236
796 1321
797 937
797 1418
797 1556
798 1201
799 1502
800 898
800 1015
801 992
801 1170
801 1873
801 1886
801 1898
803 1614
804 811
804 1118
804 1462
804 1986
805 1014
805 1941
806 1562
807 1142
807 1195
807 1587
807 1741
807 1822
808 900
808 964
808 980
808 1277
808 1715
809 1755
811 952
811 962
811 1103
811 1207
812 830
812 960
812 1056
812 1423
812 1566
812 1584
812 1686
812 1692
812 1716
812 1996
813 934
813 967
813 1059
813 1119
813 1216
813 1654
813 1924
815 993
815 1042
816 1065
817 972
817 1001
817 1182
817 1312
817 1914
818 1486
819 860
819 1007
819 1408
819 1583
819 1795
820 1068
820 1069
820 1217
820 1439
822 863
822 960
822 961
822 1032
822 1093
822 1719
823 1116
823 1252
823 1346
823 1458
823 1615
823 1631
823 1661
823 1896
824 1016
825 874
825 1034
825 1104
826 1218
826 1362
827 1081
827 1170
827 1177
827 1374
827 1494
827 1629
827 1917
828 983
828 1057
828 1080
828 1081
828 1339
828 1693
828 1821
829 1051
829 1164
829 1903
830 1579
831 853
832 1472
833 973
833 1189
834 1755
834 1770
835 1015
835 1789
835 1822
835 1834
835 1915
836 971
836 1975
837 1203
838 1064
838 1291
838 1550
838 1956
839 843
840 1273
840 1986
841 950
842 871
842 1485
843 1111
843 1355
844 1596
845 1005
846 1957
847 1352
847 1867
848 1159
848 1343
848 1370
849 1294
849 1468
850 855
850 1247
850 1679
851 959
851 1427
851 1890
851 1903
852 1129
852 1516
852 1626
853 1838
854 958
854 1135
854 1321
854 1817
854 1991
855 903
855 905
855 906
855 996
855 1324
855 1421
855 1585
855 1627
855 1750
856 1527
857 1099
858 1204
858 1491
858 1505
858 1945
859 1737
860 1365
860 1701
860 1786
861 953
861 1217
861 1306
861 1815
862 1381
864 952
864 1071
864 1095
864 1109
865 1175
866 1160
866 1263
866 1971
868 1039
868 1196
868 1233
868 1234
869 1952
870 1090
870 1200
870 1331
870 1798
870 1981
872 1140
872 1373
872 1574
873 1215
873 1233
873 1636
873 1727
873 1759
874 1615
874 1643
874 1669
874 1956
876 1571
876 1804
876 1857
877 1013
877 1553
878 1136
878 1265
878 1533
878 1886
879 1113
880 1899
881 1003
882 1568
885 999
885 1338
885 1765
885 1912
886 1322
886 1853
887 1342
888 1049
888 1072
888 1303
888 1372
889 911
889 1481
890 1163
890 1237
890 1337
890 1997
891 954
892 1025
892 1145
892 1394
892 1642
893 915
893 929
893 1636
894 1783
895 1828
895 1926
895 1936
896 1033
896 1389
897 1221
897 1303
897 1350
897 1556
897 1585
899 1394
899 1412
899 1479
900 1011
900 1146
900 1967
901 1517
901 1624
902 1089
902 1484
903 1246
903 1522
903 1629
908 1867
909 1391
909 1592
909 1737
909 1910
909 1917
910 1063
910 1094
910 1102
910 1955
911 1056
911 1406
911 1569
911 1732
911 1828
912 1640
913 1316
913 1317
913 1627
914 1230
915 1073
915 1333
916 1539
916 1819
916 1975
918 1212
920 1633
921 1274
921 1595
921 1722
922 1061
922 1802
922 1865
923 936
924 1693
924 1699
924 1855
925 1002
925 1607
925 1808
926 983
926 1040
926 1431
927 1193
927 1308
927 1392
928 1029
928 1097
928 1417
928 1538
929 1061
929 1261
930 1144
930 1339
930 1408
932 1376
932 1890
932 1892
933 1282
933 1811
934 1057
934 1157
934 1346
934 1530
935 1660
935 1727
936 1248
936 1442
937 1659
938 1538
939 1023
939 1184
939 1659
939 1724
939 1844
939 1906
940 1234
940 1599
940 1606
940 1824
941 1430
941 1729
942 994
942 1009
942 1156
942 1774
945 1214
945 1794
945 1846
946 1209
946 1564
946 1678
949 1510
949 1884
950 981
950 1060
950 1313
950 1520
950 1856
951 1165
951 1366
952 1188
952 1734
953 1743
954 990
954 1049
954 1674
955 1252
955 1810
955 1837
956 1374
957 1520
957 1736
957 1773
958 1825
958 1955
959 1109
960 1557
960 1932
961 1400
961 1592
961 1987
962 1426
962 1823
963 1088
964 1801
966 1684
968 997
968 1129
968 1471
968 1633
968 1778
968 1834
968 1883
968 1966
969 1518
970 1901
971 1239
971 1858
973 1027
973 1380
973 1471
973 1620
975 1150
975 1242
975 1641
975 1719
978 1958
979 1067
981 1121
982 1073
982 1448
982 1594
982 1662
982 1757
982 1946
984 1090
984 1207
985 1454
986 1368
986 1388
986 1519
986 1751
989 1190
990 1440
992 1920
993 997
993 1244
993 1438
993 1855
994 1078
994 1307
994 2000
995 1022
996 1747
997 999
997 1078
998 1282
998 1496
998 1568
998 1665
999 1271
999 1565
999 1661
999 1860
999 1898
1000 1563
1000 1726
1001 1397
1002 1030
1002 1552
1003 1197
1003 1594
1004 1150
1006 1742
1007 1515
1008 1618
1011 1138
1011 1295
1011 1467
1012 1254
1012 1432
1012 1611
1013 1296
1014 1964
1014 1968
1015 1635
1016 1377
1017 1327
1017 1332
1017 1391
1017 1867
1019 1245
1019 1276
1021 1713
1022 1584
1022 1601
1022 1948
1023 1286
1026 1534
1029 1847
1031 1608
1031 1741
1031 1848
1031 1923
1031 1926
1032 1157
1033 1315
1033 1514
1034 1352
1035 1274
1035 1487
1036 1108
1036 1706
1036 1895
1037 1181
1037 1232
1037 1273
1037 1771
1038 1160
1039 1370
1039 1668
1040 1063
1040 1401
1040 1540
1040 1580
1041 1290
1041 1937
1042 1155
1042 1496
1043 1258
1043 1592
1044 1113
1047 1076
1051 1698
1051 1723
1053 1062
1055 1898
1056 1444
1056 1767
1057 1259
1058 1411
1058 1785
1060 1331
1061 1353
1061 1844
1061 1908
1062 1235
1062 1651
1064 1930
1065 1769
1065 1944
1066 1618
1066 1701
1067 1219
1067 1449
1067 1575
1069 1858
1070 1860
1071 1275
1072 1720
1073 1270
1074 1328
1074 1408
1074 1840
1075 1791
1076 1305
1078 1831
1078 1846
1078 1947
1080 1199
1080 1424
1080 1436
1080 1456
1080 1848
1082 1365
1082 1744
1083 1717
1084 1251
1084 1287
1084 1476
1085 1336
1085 1496
1086 1095
1086 1117
1086 1153
1086 1159
1088 1280
1088 1393
1090 1235
1090 1547
1090 1674
1096 1166
1096 1749
1098 1269
1098 1691
1099 1570
1100 1457
1100 1929
1101 1445
1101 1813
1102 1111
1102 1216
1102 1340
1102 1666
1102 1687
1102 1736
1102 1854
1103 1304
1103 1829
1105 1493
1106 1782
1108 1247
1109 1255
1109 1356
1110 1168
1110 1852
1111 1193
1112 1284
1112 1656
1112 1847
1113 1137
1113 1441
1113 1488
1113 1561
1113 1606
1116 1463
1116 1480
1117 1311
1118 1892
1119 1443
1119 1455
1121 1504
1121 1902
1121 1951
1123 1148
1123 1970
1124 1169
1124 1262
1125 1354
1125 1431
1125 1533
1126 1162
1126 1205
1126 1210
1126 1439
1126 1481
1126 1525
1126 1862
1128 1430
1128 1611
1128 1772
1129 1340
1129 1473
1130 1403
1131 1382
1131 1614
1131 1994
1133 1243
1135 1894
1136 1880
1136 1912
1137 1317
1137 1584
1139 1201
1139 1484
1139 1763
1140 1361
1140 1449
1140 1603
1141 1634
1142 1558
1142 1756
1143 1820
1144 1527
1146 1659
1146 1773
1147 1493
1147 1499
1147 1722
1150 1418
1150 1466
1152 1510
1152 1993
1153 1973
1157 1753
1161 1563
1163 1644
1163 1703
1163 1849
1163 1897
1163 1974
1165 1275
1165 1679
1165 1857
1166 1206
1166 1326
1166 1453
1166 1839
1167 1357
1167 1829
1171 1501
1171 1527
1172 1186
1172 1287
1172 1379
1172 1654
1172 1991
1176 1440
1177 1190
1177 1434
1177 1663
1178 1458
1179 1589
1180 1457
1181 1187
1181 1681
1181 1934
1182 1574
1182 1776
1182 1787
1183 1598
1184 1283
1184 1976
1185 1409
1185 1634
1187 1360
1187 1393
1187 1666
1187 1922
1188 1897
1191 1535
1191 1583
1191 1836
1194 1798
1196 1326
1196 1992
1198 1393
1198 1903
1201 1609
1202 1224
1203 1439
1203 1838
1203 1998
1208 1968
1209 1418
1209 1537
1209 1552
1211 1949
1213 1788
1214 1223
1215 1904
1216 1818
1218 1260
1219 1700
1221 1539
1221 1717
1221 1801
1222 1230
1222 1484
1222 1495
1222 1580
1222 1724
1223 1419
1224 1446
1224 1525
1224 1694
1224 1995
1227 1273
1227 1754
1228 1647
1230 1784
1230 1899
1231 1497
1231 1595
1231 1668
1235 1275
1237 1338
1238 1518
1238 1876
1239 1654
1243 1545
1245 1688
1245 1745
1247 1260
1247 1547
1247 1726
1247 1755
1247 1844
1247 1907
1248 1669
1248 1739
1248 1819
1250 1674
1253 1301
1254 1870
1255 1502
1255 1721
1255 1994
1258 1428
1258 1782
1258 1990
1259 1918
1260 1445
1261 1711
1261 1753
1261 1764
1262 1661
1264 1746
1264 1964
1265 1874
1265 1882
1266 1949
1267 1684
1269 1410
1269 1756
1269 1854
1271 1590
1271 1806
1272 1835
1278 1514
1280 1361
1283 1792
1284 1817
1286 1516
1286 1924
1288 1321
1290 1359
1290 1674
1292 1407
1292 1552
1294 1670
1295 1380
1295 1387
1295 1720
1296 1581
1296 1643
1296 1789
1297 1569
1298 1452
1298 1742
1298 1746
1299 1768
1299 1891
1300 1532
1302 1400
1302 1489
1304 1475
1305 1503
1305 1526
1305 1760
1306 1715
1307 1614
1308 1399
1309 1364
1310 1369
1310 1875
1313 1461
1313 1650
1314 1430
1315 1398
1315 1544
1316 1429
1317 1325
1317 1721
1317 1723
1317 1977
1318 1703
1319 1477
1326 1714
1327 1872
1328 1787
1328 1888
1330 1409
1331 1740
1332 1338
1332 1551
1335 1349
1335 1390
1335 1609
1335 1623
1336 1787
1337 1521
1338 1827
1339 1375
1339 1462
1343 1474
1343 1856
1346 1830
1348 1454
1348 1465
1348 1978
1349 1797
1350 1773
1351 1749
1353 1533
1355 1488
1355 1675
1356 1562
1357 1429
1359 1794
1360 1532
1360 1861
1360 1877
1362 1468
1362 1693
1363 1696
1363 1710
1363 1731
1363 1807
1364 1913
1368 1470
1369 1379
1370 1734
1373 1799
1375 1829
1376 1485
1377 1440
1379 1616
1379 1859
1380 1872
1381 1434
1381 1521
1381 1792
1383 1779
1383 1928
1388 1499
1389 1666
1389 1933
1391 1567
1393 1416
1393 1502
1396 1612
1399 1818
1399 1859
1405 1418
1406 1983
1410 1498
1410 1667
1411 1751
1411 1768
1415 1646
1415 1691
1417 1708
1417 1856
1418 1616
1420 1791
1423 1875
1426 1841
1427 1727
1428 1892
1430 1510
1431 1501
1431 1798
1431 1991
1432 1447
1435 1586
1435 1887
1436 1662
1436 1819
1439 1623
1441 1716
1441 1850
1443 1675
1443 1687
1443 1752
1444 1564
1444 1852
1447 1911
1452 1821
1454 1531
1454 1998
1456 1901
1456 1998
1457 1491
1459 1483
1465 1570
1465 1961
1468 1996
1473 1598
1473 1987
1474 1884
1474 1887
1475 1572
1475 1621
1477 1824
1479 1883
1481 1740
1484 1939
1486 1908
1489 1954
1489 1970
1491 1704
1494 1531
1494 1642
1494 1667
1494 1732
1494 1833
1497 1560
1498 1548
1503 1750
1504 1513
1504 1989
1505 1645
1507 1582
1507 1733
1507 1759
1515 1800
1526 1641
1529 1578
1529 1689
1537 1538
1538 1852
1538 1928
1540 1709
1543 1970
1544 1947
1545 1845
1547 1724
1547 1864
1550 1741
1551 1577
1551 1731
1552 1600
1555 1564
1558 1683
1558 1725
1566 1697
1567 1718
1568 1730
1572 1966
1575 1786
1579 1613
1580 1976
1587 1838
1593 1730
1595 1875
1596 1939
1601 1923
1602 1862
1605 1746
1606 1622
1607 1803
1607 1928
1608 1963
1609 1612
1613 1632
1613 1662
1622 1806
1623 1869
1624 1773
1624 1998
1627 1961
1628 1794
1632 1709
1633 1676
1635 1646
1636 1885
1642 1968
1644 1688
1646 1946
1646 2000
1647 1778
1650 1896
1653 1950
1654 1872
1654 1951
1655 1755
1658 1786
1664 1716
1664 1824
1668 1739
1668 1854
1668 1980
1672 1909
1673 1815
1674 1912
1675 1935
1679 1880
1682 1754
1684 1731
1685 1847
1686 1692
1687 1746
1687 1952
1688 1704
1689 1871
1701 1932
1702 1868
1709 1975
1710 1869
1710 1936
1719 1770
1725 1789
1730 1772
1731 1777
1732 1776
1736 1765
1737 1757
1737 1936
1740 1835
1742 1851
1742 1935
1746 1775
1746 1879
1750 1783
1751 1781
1752 1864
1754 1756
1755 1784
1755 1989
1762 1793
1764 1904
1772 1809
1773 1840
1773 1990
1775 1848
1776 1984
1778 1865
1778 1941
1780 1984
1781 1826
1783 1800
1783 1869
1786 1950
1789 1851
1791 1853
1801 1937
1814 1823
1814 1952
1823 1921
1824 1960
1826 1978
1838 1883
1840 1866
1869 1900
1877 1958
1884 1887
1892 1956
1894 1947
1908 1959
1911 1958
1923 1996
1926 1941
1949 1973
1959 1974
