1 2
1 3
1 4
1 5
1 6
1 7
1 8
1 10
1 11
1 13
1 14
1 15
1 16
1 20
1 21
1 22
1 24
1 27
1 28
1 29
1 32
1 33
1 35
1 47
1 53
1 56
1 57
1 59
1 60
1 64
1 67
1 68
1 73
1 75
1 86
1 109
1 117
1 120
1 123
1 144
1 149
1 151
1 157
1 162
1 180
1 182
1 185
1 190
1 194
1 195
1 196
1 201
1 204
1 208
1 216
1 219
1 221
1 223
1 234
1 241
1 261
1 267
1 272
1 282
1 284
1 305
1 307
1 312
1 327
1 328
1 356
1 370
1 384
1 391
1 393
1 396
1 407
1 423
1 426
1 447
1 502
1 517
1 519
1 523
1 543
1 550
1 558
1 583
1 590
1 592
1 640
1 651
1 661
1 666
1 670
1 680
1 688
1 732
1 734
1 735
1 738
1 757
1 768
1 775
1 781
1 851
1 869
1 910
1 914
1 918
1 930
1 936
1 946
1 951
1 955
1 957
1 996
2 6
2 7
2 9
2 50
2 91
2 148
2 230
2 242
2 338
2 586
2 683
2 711
2 732
2 768
2 795
3 6
3 7
3 13
3 17
3 25
3 42
3 47
3 49
3 67
3 77
3 96
3 111
3 161
3 163
3 192
3 215
3 364
3 497
3 723
3 728
3 837
4 9
4 11
4 14
4 20
4 21
4 23
4 26
4 28
4 44
4 52
4 61
4 62
4 73
4 77
4 78
4 102
4 111
4 128
4 136
4 137
4 141
4 171
4 177
4 182
4 203
4 205
4 206
4 252
4 267
4 286
4 290
4 303
4 342
4 345
4 369
4 374
4 401
4 414
4 415
4 418
4 425
4 439
4 440
4 453
4 466
4 476
4 506
4 507
4 552
4 557
4 573
4 605
4 646
4 701
4 706
4 743
4 745
4 748
4 764
4 818
4 844
4 849
4 876
4 966
5 6
5 8
5 11
5 13
5 14
5 16
5 32
5 36
5 45
5 66
5 76
5 82
5 103
5 119
5 128
5 129
5 140
5 211
5 233
5 249
5 280
5 302
5 329
5 388
5 404
5 411
5 521
5 524
5 543
5 606
5 656
5 668
5 714
5 753
5 759
5 814
5 827
5 877
5 941
5 947
6 7
6 8
6 9
6 10
6 11
6 12
6 14
6 15
6 17
6 19
6 22
6 24
6 28
6 30
6 38
6 44
6 46
6 48
6 49
6 51
6 60
6 61
6 62
6 70
6 71
6 79
6 92
6 97
6 103
6 105
6 110
6 118
6 121
6 124
6 135
6 147
6 150
6 154
6 159
6 170
6 189
6 196
6 200
6 202
6 245
6 251
6 254
6 274
6 288
6 297
6 304
6 318
6 340
6 353
6 358
6 360
6 367
6 401
6 418
6 426
6 437
6 445
6 449
6 450
6 451
6 477
6 480
6 497
6 509
6 543
6 546
6 568
6 584
6 602
6 645
6 710
6 735
6 741
6 742
6 744
6 754
6 766
6 814
6 878
6 933
6 958
6 960
6 973
7 8
7 10
7 12
7 16
7 17
7 18
7 26
7 29
7 52
7 55
7 84
7 113
7 126
7 137
7 164
7 201
7 218
7 224
7 249
7 274
7 286
7 287
7 303
7 313
7 317
7 318
7 386
7 429
7 446
7 452
7 461
7 473
7 553
7 574
7 599
7 614
7 665
7 788
7 793
7 848
7 886
7 931
8 9
8 17
8 18
8 19
8 27
8 53
8 63
8 70
8 77
8 80
8 83
8 94
8 156
8 165
8 166
8 179
8 198
8 209
8 225
8 257
8 314
8 341
8 383
8 389
8 417
8 426
8 445
8 484
8 495
8 516
8 646
8 761
8 860
8 991
9 10
9 12
9 16
9 18
9 22
9 27
9 28
9 29
9 33
9 47
9 55
9 60
9 63
9 67
9 70
9 71
9 79
9 97
9 108
9 119
9 122
9 130
9 134
9 140
9 149
9 166
9 167
9 204
9 222
9 234
9 259
9 278
9 282
9 297
9 324
9 328
9 335
9 343
9 379
9 400
9 406
9 408
9 420
9 452
9 453
9 470
9 486
9 538
9 541
9 563
9 593
9 607
9 625
9 631
9 639
9 645
9 647
9 654
9 658
9 670
9 724
9 725
9 729
9 754
9 758
9 774
9 794
9 797
9 803
9 816
9 826
9 840
9 875
9 922
9 935
9 951
9 979
9 981
9 982
10 13
10 24
10 31
10 34
10 35
10 37
10 49
10 59
10 66
10 126
10 229
10 291
10 373
10 410
10 418
10 457
10 468
10 665
10 674
10 686
10 689
10 697
10 780
10 829
10 848
10 885
10 887
10 932
10 971
10 993
10 999
11 12
11 34
11 36
11 38
11 40
11 49
11 61
11 74
11 77
11 87
11 117
11 160
11 175
11 181
11 209
11 260
11 321
11 354
11 369
11 379
11 511
11 517
11 552
11 559
11 608
11 648
11 655
11 755
11 777
11 842
11 901
12 18
12 22
12 25
12 29
12 31
12 38
12 40
12 41
12 43
12 51
12 69
12 71
12 73
12 84
12 93
12 101
12 115
12 116
12 122
12 130
12 168
12 173
12 175
12 184
12 194
12 198
12 227
12 233
12 241
12 248
12 252
12 294
12 344
12 350
12 371
12 399
12 480
12 503
12 555
12 574
12 585
12 613
12 641
12 648
12 663
12 685
12 686
12 700
12 714
12 725
12 743
12 789
12 797
12 836
12 857
12 871
12 892
12 895
12 898
12 934
12 956
12 983
13 15
13 19
13 20
13 32
13 41
13 84
13 147
13 178
13 198
13 247
13 255
13 289
13 298
13 304
13 312
13 328
13 396
13 420
13 471
13 489
13 493
13 507
13 570
13 603
13 670
13 703
13 705
13 731
13 733
13 921
13 950
14 15
14 48
14 51
14 56
14 68
14 95
14 107
14 133
14 235
14 246
14 291
14 295
14 369
14 383
14 456
14 471
14 521
14 668
14 737
14 786
14 828
14 934
14 962
14 965
14 972
15 23
15 25
15 30
15 31
15 36
15 44
15 45
15 53
15 55
15 65
15 67
15 68
15 80
15 81
15 91
15 121
15 127
15 134
15 197
15 213
15 236
15 274
15 281
15 306
15 344
15 401
15 405
15 414
15 430
15 433
15 436
15 448
15 493
15 516
15 535
15 571
15 619
15 711
15 755
15 773
15 784
15 820
15 831
15 846
15 958
16 20
16 21
16 26
16 32
16 35
16 46
16 58
16 61
16 68
16 78
16 101
16 120
16 146
16 156
16 181
16 200
16 207
16 227
16 235
16 239
16 270
16 326
16 359
16 366
16 374
16 396
16 426
16 447
16 512
16 529
16 542
16 578
16 651
16 685
16 689
16 737
16 740
16 744
16 753
16 872
16 880
16 899
17 21
17 23
17 33
17 65
17 99
17 108
17 128
17 135
17 152
17 172
17 227
17 238
17 258
17 274
17 308
17 322
17 337
17 403
17 460
17 528
17 533
17 583
17 585
17 685
17 720
17 871
17 917
17 935
18 19
18 25
18 27
18 30
18 31
18 40
18 50
18 64
18 76
18 98
18 111
18 116
18 138
18 144
18 207
18 221
18 231
18 258
18 270
18 316
18 320
18 344
18 365
18 397
18 416
18 436
18 450
18 451
18 455
18 478
18 509
18 553
18 563
18 571
18 610
18 670
18 671
18 673
18 752
18 809
18 866
18 880
19 30
19 37
19 86
19 93
19 116
19 124
19 167
19 171
19 230
19 292
19 298
19 306
19 314
19 325
19 331
19 350
19 351
19 452
19 461
19 463
19 485
19 487
19 727
19 775
19 917
20 23
20 24
20 39
20 54
20 83
20 89
20 99
20 112
20 114
20 139
20 236
20 306
20 309
20 347
20 485
20 494
20 498
20 523
20 572
20 653
20 713
20 825
20 846
20 869
20 880
20 965
21 26
21 34
21 43
21 88
21 98
21 142
21 150
21 159
21 201
21 219
21 283
21 291
21 300
21 314
21 321
21 342
21 424
21 443
21 463
21 464
21 643
21 769
21 853
21 873
21 968
21 980
22 76
22 84
22 94
22 103
22 104
22 132
22 178
22 187
22 196
22 206
22 223
22 239
22 336
22 382
22 416
22 469
22 519
22 624
22 635
22 662
22 752
22 916
23 37
23 39
23 125
23 202
23 205
23 243
23 334
23 361
23 364
23 373
23 469
23 475
23 498
23 513
23 676
23 696
23 823
23 907
23 992
24 36
24 50
24 62
24 76
24 107
24 110
24 115
24 123
24 127
24 139
24 140
24 164
24 199
24 221
24 237
24 251
24 252
24 291
24 297
24 330
24 421
24 554
24 565
24 567
24 696
24 732
24 736
24 772
24 828
24 909
24 939
24 995
25 41
25 43
25 47
25 94
25 109
25 235
25 240
25 245
25 328
25 429
25 433
25 461
25 469
25 798
25 859
25 915
26 35
26 37
26 44
26 45
26 62
26 66
26 81
26 122
26 127
26 130
26 132
26 133
26 152
26 188
26 190
26 207
26 258
26 268
26 272
26 282
26 408
26 438
26 527
26 564
26 591
26 628
26 630
26 673
26 680
26 704
26 742
26 782
26 879
26 936
27 33
27 42
27 46
27 54
27 109
27 115
27 131
27 138
27 166
27 172
27 181
27 183
27 184
27 217
27 218
27 237
27 337
27 349
27 353
27 382
27 383
27 427
27 484
27 520
27 538
27 612
27 684
27 717
27 725
27 761
27 767
27 793
27 813
27 866
27 903
27 997
28 39
28 46
28 60
28 64
28 86
28 102
28 106
28 119
28 130
28 222
28 240
28 250
28 375
28 389
28 464
28 570
28 588
28 652
28 678
28 755
28 827
28 835
28 889
29 58
29 158
29 236
29 289
29 346
29 393
29 442
29 526
29 530
29 715
29 809
30 40
30 41
30 48
30 56
30 57
30 113
30 149
30 183
30 189
30 199
30 288
30 335
30 338
30 362
30 404
30 416
30 443
30 492
30 536
30 579
30 581
30 681
30 687
30 690
30 717
30 719
30 720
30 745
30 831
30 925
31 43
31 52
31 57
31 79
31 129
31 143
31 150
31 186
31 244
31 248
31 256
31 286
31 355
31 481
31 491
31 569
32 34
32 45
32 59
32 70
32 106
32 250
32 338
32 346
32 349
32 591
32 805
32 939
32 943
33 39
33 74
33 102
33 165
33 189
33 239
33 242
33 263
33 343
33 434
33 625
33 690
33 691
33 694
33 842
33 985
34 38
34 53
34 58
34 59
34 63
34 82
34 85
34 124
34 132
34 143
34 145
34 167
34 213
34 245
34 253
34 272
34 293
34 409
34 436
34 438
34 533
34 539
34 646
34 654
34 714
34 775
34 776
34 791
34 835
34 839
34 844
34 875
34 953
34 963
34 996
35 56
35 90
35 142
35 179
35 193
35 229
35 255
35 451
35 458
35 682
35 911
36 42
36 48
36 58
36 65
36 146
36 185
36 279
36 378
36 422
36 536
36 579
36 607
36 632
36 844
36 860
36 970
36 976
37 64
37 75
37 92
37 94
37 165
37 211
37 253
37 271
37 295
37 394
37 605
37 662
37 762
37 784
37 835
37 957
38 87
38 91
38 98
38 144
38 155
38 445
38 726
38 736
38 933
38 942
39 42
39 52
39 69
39 82
39 91
39 114
39 197
39 225
39 268
39 275
39 313
39 315
39 351
39 368
39 382
39 432
39 455
39 546
39 582
39 698
39 770
39 774
39 833
39 891
39 934
39 944
39 1000
40 51
40 55
40 69
40 80
40 89
40 140
40 216
40 262
40 310
40 346
40 352
40 356
40 536
40 589
40 619
40 680
40 861
40 932
41 63
41 78
41 79
41 93
41 100
41 139
41 377
41 405
41 483
41 491
41 571
41 601
41 608
41 818
41 838
42 71
42 125
42 152
42 159
42 285
42 286
42 423
42 434
42 454
42 540
42 675
42 750
42 792
42 833
43 75
43 125
43 390
43 479
43 639
43 771
43 780
43 873
44 69
44 75
44 104
44 115
44 136
44 219
44 283
44 309
44 388
44 443
44 491
44 568
44 596
44 661
44 730
44 838
45 85
45 144
45 145
45 161
45 458
45 488
45 530
45 539
45 635
45 676
45 703
45 726
46 111
46 117
46 148
46 175
46 212
46 259
46 261
46 430
46 444
46 482
46 500
46 545
46 684
46 729
46 741
47 54
47 66
47 95
47 265
47 325
47 340
47 361
47 561
48 50
48 72
48 80
48 108
48 128
48 170
48 202
48 337
48 412
48 456
48 481
48 501
48 731
48 858
49 81
49 138
49 163
49 169
49 437
49 837
49 953
49 985
50 57
50 72
50 141
50 203
50 275
50 750
50 877
50 933
51 90
51 98
51 109
51 110
51 142
51 187
51 191
51 195
51 285
51 333
51 347
51 438
51 447
51 460
51 501
51 515
51 523
51 544
51 604
51 649
51 667
51 683
51 752
51 802
51 825
51 843
51 852
51 923
51 963
52 96
52 104
52 121
52 143
52 158
52 162
52 183
52 198
52 238
52 260
52 309
52 322
52 326
52 339
52 388
52 398
52 502
52 666
52 700
52 747
52 751
52 799
52 820
52 924
52 938
52 945
52 970
52 983
52 1000
53 54
53 92
53 125
53 127
53 138
53 187
53 234
53 332
53 549
53 557
53 577
53 675
53 824
53 886
53 973
54 86
54 103
54 132
54 173
54 180
54 192
54 208
54 254
54 266
54 303
54 381
54 439
54 473
54 495
54 505
54 515
54 532
54 543
54 562
54 609
54 629
54 637
54 697
54 723
54 734
54 870
54 915
54 995
55 78
55 90
55 105
55 137
55 231
55 237
55 308
55 371
55 402
55 462
55 466
55 483
55 554
55 560
55 570
55 609
55 650
56 135
56 212
56 334
56 339
56 372
56 415
56 492
56 556
56 581
56 718
56 767
56 779
56 901
57 65
57 81
57 88
57 129
57 146
57 147
57 161
57 184
57 294
57 315
57 359
57 366
57 376
57 386
57 410
57 531
57 684
57 737
57 770
57 856
58 74
58 150
58 241
58 263
58 284
58 376
58 451
58 581
58 633
58 669
58 678
58 756
58 800
58 823
58 836
58 882
59 72
59 113
59 216
59 271
59 323
59 349
59 550
59 681
59 688
59 709
59 783
59 940
59 956
60 74
60 90
60 148
60 152
60 205
60 310
60 562
60 772
61 117
61 204
61 213
61 236
61 238
61 257
61 305
61 376
61 379
61 391
61 490
61 541
61 569
61 587
61 618
61 683
61 694
61 716
61 723
61 929
62 83
62 105
62 122
62 154
62 160
62 161
62 243
62 305
62 311
62 445
62 482
63 135
63 162
63 215
63 347
63 588
63 957
64 85
64 95
64 96
64 99
64 136
64 169
64 174
64 177
64 210
64 219
64 254
64 277
64 282
64 292
64 326
64 331
64 361
64 407
64 428
64 431
64 499
64 518
64 535
64 557
64 560
64 568
64 581
64 642
64 677
64 711
64 756
64 765
64 798
64 803
64 822
64 875
65 142
65 170
65 192
65 220
65 259
65 329
65 333
65 336
65 354
65 440
65 563
65 576
65 817
66 120
66 174
66 196
66 244
66 268
66 278
66 299
66 500
66 528
66 542
66 546
66 692
66 706
66 849
66 907
67 82
67 89
67 100
67 153
67 155
67 206
67 239
67 308
67 321
67 352
67 363
67 509
67 598
67 623
67 644
67 664
67 724
67 731
67 773
67 804
67 815
67 860
67 863
67 902
68 99
68 134
68 168
68 174
68 193
68 231
68 348
68 357
68 381
68 609
68 618
68 641
68 692
68 704
68 807
68 945
69 88
69 229
69 241
69 252
69 267
69 300
69 313
69 335
69 362
69 446
69 478
69 501
69 525
69 527
69 847
69 871
69 874
69 891
70 72
70 85
70 153
70 197
70 220
70 281
70 898
71 87
71 101
71 126
71 170
71 292
71 384
71 650
71 811
72 73
72 123
72 158
72 244
72 357
72 402
72 496
72 664
72 680
72 763
72 830
72 847
72 900
72 959
73 287
73 289
73 496
73 497
73 575
73 600
73 817
73 897
74 195
74 820
74 889
75 89
75 100
75 147
75 149
75 153
75 174
75 233
75 316
75 367
75 394
75 413
75 421
75 463
75 498
75 520
75 540
75 560
75 566
75 570
75 598
75 638
75 658
75 722
75 790
75 801
75 833
75 883
75 998
76 114
76 131
76 166
76 192
76 206
76 246
76 299
76 387
76 422
76 504
76 611
76 675
76 699
76 893
77 101
77 113
77 613
77 750
78 97
78 235
78 367
78 547
78 763
79 87
79 100
79 155
79 246
79 301
79 544
79 573
79 657
79 738
79 749
79 808
80 83
80 93
80 133
80 208
80 340
80 382
80 475
80 478
80 500
80 506
80 516
80 563
80 575
80 606
80 660
80 727
80 856
80 896
81 102
81 199
81 245
81 324
81 385
81 409
81 552
81 718
81 947
81 959
82 92
82 226
82 268
82 446
82 883
83 88
83 427
83 604
84 114
84 119
84 133
84 201
84 232
84 311
84 395
84 436
84 472
84 559
84 826
84 918
85 218
85 226
85 333
85 335
85 370
85 456
85 941
86 96
86 104
86 718
86 736
86 848
86 940
87 110
87 131
87 139
87 186
87 191
87 193
87 220
87 222
87 267
87 276
87 299
87 301
87 307
87 312
87 325
87 444
87 465
87 479
87 506
87 697
87 788
87 819
87 961
87 988
88 106
88 251
88 258
88 307
88 360
88 380
88 398
88 593
88 854
89 120
89 183
89 575
89 781
90 126
90 137
90 158
90 160
90 175
90 186
90 209
90 212
90 304
90 380
90 395
90 401
90 551
90 572
90 784
90 863
90 865
90 921
90 946
90 986
91 97
91 156
91 215
91 429
92 95
92 162
92 172
92 188
92 210
92 232
92 518
92 626
92 649
92 745
92 802
92 828
93 105
93 112
93 164
93 276
93 281
93 293
93 348
93 370
93 377
93 400
93 418
93 534
93 709
93 762
93 768
93 919
93 946
93 953
94 107
94 292
94 435
94 556
94 565
94 824
94 1000
95 107
95 131
95 136
95 154
95 163
95 176
95 194
95 212
95 243
95 260
95 266
95 424
95 549
95 590
95 617
95 648
95 764
95 787
95 833
95 843
95 861
95 875
95 902
96 121
96 220
96 254
96 332
96 336
96 338
96 365
96 406
96 459
96 529
96 697
96 708
96 712
96 743
96 955
97 477
97 482
97 515
97 665
97 781
98 106
98 145
98 157
98 163
98 169
98 173
98 197
98 208
98 296
98 313
98 323
98 331
98 371
98 421
98 457
98 693
98 715
98 732
98 952
99 118
99 423
99 462
99 508
99 519
99 550
99 577
99 626
99 746
99 760
99 960
100 265
100 687
100 926
101 108
101 229
101 272
101 334
101 374
101 377
101 505
101 510
101 821
102 180
102 633
102 995
103 112
103 124
103 270
103 285
103 471
103 590
103 800
103 893
103 946
104 211
104 253
104 373
104 450
104 466
104 652
105 141
105 233
106 112
106 178
106 355
106 840
107 277
107 394
107 848
108 202
108 263
108 521
108 600
108 644
108 710
108 979
109 261
109 469
109 956
110 118
110 151
110 214
110 316
110 459
111 118
111 548
111 560
111 632
112 146
112 189
112 306
112 352
112 633
112 985
113 116
113 179
113 203
113 222
113 527
113 704
114 231
114 344
114 387
115 155
115 168
115 242
115 271
115 440
115 642
116 294
116 541
116 546
116 629
116 698
116 702
116 775
116 902
116 905
116 941
116 987
117 129
117 159
117 228
117 232
117 332
117 342
117 476
117 486
117 612
117 909
117 914
117 968
117 975
118 148
118 679
118 739
118 872
119 123
119 157
119 277
119 330
119 339
119 441
119 709
120 167
120 276
120 301
120 365
120 508
121 164
121 210
121 278
121 343
122 351
122 362
122 505
122 619
122 720
123 262
123 283
123 442
123 462
123 535
123 635
123 638
123 647
123 796
123 990
124 141
124 151
124 168
124 177
124 185
124 205
124 251
124 269
124 392
124 415
124 437
124 514
124 578
124 614
124 630
124 677
124 774
124 911
125 179
125 213
125 429
125 483
125 676
126 240
126 501
127 200
127 228
127 279
127 403
127 453
127 582
127 771
128 134
128 176
128 217
128 264
128 266
128 311
128 326
128 390
128 396
128 405
128 512
128 707
128 851
128 876
129 156
129 487
129 836
130 145
130 182
130 302
130 303
130 524
130 663
130 806
131 176
131 248
131 280
131 297
131 342
131 367
131 379
131 598
131 693
131 778
131 796
131 859
131 928
132 182
132 311
132 320
132 321
132 353
132 449
132 467
132 530
132 648
132 764
132 771
132 776
132 788
132 815
132 978
133 369
133 431
133 488
133 667
133 873
134 188
134 269
134 440
134 825
134 897
135 143
135 190
135 502
135 526
135 578
135 716
135 760
135 766
135 984
135 988
136 284
136 424
136 596
136 750
136 998
137 327
137 363
137 638
137 928
138 324
138 332
138 422
138 477
138 852
139 187
139 259
139 363
139 416
139 516
139 566
139 907
140 154
140 199
140 214
140 255
140 327
140 413
140 425
140 612
140 667
140 674
140 701
140 995
141 288
141 317
141 439
141 583
141 689
141 785
141 967
142 160
142 209
142 260
142 280
142 509
142 617
142 892
143 177
143 249
143 262
143 284
143 293
143 296
143 404
143 646
143 699
143 714
143 717
143 777
143 790
143 806
143 854
143 885
144 151
144 217
144 248
144 319
144 419
144 454
144 468
144 513
144 626
144 731
144 784
144 834
145 153
145 171
145 223
145 224
145 265
145 300
145 353
145 485
145 641
145 643
145 687
146 169
146 186
146 741
147 319
147 434
147 654
147 926
148 211
148 307
148 356
148 444
149 216
149 266
149 325
149 389
150 157
150 200
150 572
150 592
150 696
152 188
152 399
153 256
153 522
154 263
154 296
155 281
156 191
156 511
157 347
157 393
157 408
157 419
157 564
157 964
158 172
158 249
158 295
158 407
158 470
158 494
158 580
158 696
158 860
158 865
159 316
159 505
159 567
159 782
159 841
160 171
160 230
160 253
160 299
160 391
160 392
160 500
160 623
160 747
160 751
160 868
161 165
161 214
161 385
161 533
161 734
162 824
163 246
163 450
163 453
163 549
163 582
163 616
163 894
164 207
164 218
164 279
164 329
164 341
164 402
164 427
164 506
164 679
164 748
165 173
165 279
166 226
166 729
166 800
168 214
168 227
168 247
168 305
168 358
168 485
168 490
168 513
168 631
168 659
168 817
169 368
169 695
169 776
169 830
169 832
169 931
170 191
170 572
170 634
170 691
171 178
171 741
171 746
171 994
172 273
172 394
172 626
172 691
173 467
174 195
174 203
174 247
174 628
174 857
174 886
174 938
175 176
175 181
175 185
175 225
175 277
175 289
175 351
175 372
175 395
175 594
175 659
175 668
175 891
175 943
176 230
176 317
176 372
176 409
176 590
176 846
176 857
176 977
176 996
178 180
178 194
178 346
178 397
178 417
178 463
178 551
178 615
178 672
178 689
178 816
178 914
178 916
178 960
178 992
179 217
179 607
179 961
180 487
180 548
180 672
180 742
180 884
180 950
181 224
181 273
181 330
181 357
181 402
181 596
181 620
181 971
182 184
182 293
182 494
182 514
182 538
182 567
182 953
183 474
183 545
183 861
183 929
184 265
184 315
184 317
184 354
184 362
184 701
184 822
184 897
184 951
184 970
185 193
185 404
185 410
185 490
185 591
186 190
186 647
186 690
186 888
187 215
187 397
187 479
187 481
187 576
187 639
187 708
188 337
188 470
188 513
188 631
188 878
189 283
189 308
189 474
189 527
189 566
189 687
189 760
189 937
189 1000
190 269
191 204
191 210
191 226
191 247
191 383
191 384
191 458
191 603
191 753
192 237
192 238
192 256
192 504
193 304
193 640
194 228
194 493
194 662
195 386
195 778
195 962
196 298
196 318
196 838
197 264
197 348
197 476
197 547
197 549
197 618
197 864
197 867
197 949
198 256
198 290
198 593
198 949
199 414
199 616
199 641
199 766
199 849
199 886
200 312
200 361
200 433
200 442
200 568
200 619
200 765
200 812
200 894
201 223
201 228
201 390
201 573
201 595
201 657
201 834
202 475
203 333
203 364
204 257
204 358
204 532
204 889
205 232
205 287
205 460
205 524
205 612
205 892
206 352
206 734
206 791
206 900
207 327
207 377
207 389
207 558
208 255
209 224
209 250
209 432
209 736
209 858
209 869
210 368
210 470
211 221
211 366
211 510
211 541
211 574
211 688
211 730
211 769
211 863
212 449
212 491
212 624
212 802
212 813
212 952
213 310
213 854
214 805
214 850
215 881
216 278
216 539
216 700
217 273
217 355
217 376
217 694
218 322
218 490
218 544
218 559
218 990
218 999
219 354
220 225
220 412
220 559
220 596
221 925
222 850
223 242
223 579
223 668
223 695
224 271
224 300
224 448
224 449
224 870
225 298
225 302
225 339
225 403
225 425
225 496
225 528
225 597
225 675
225 698
225 710
225 845
225 954
226 275
226 456
226 622
227 244
227 264
227 301
227 381
227 422
227 467
227 552
227 554
227 672
227 801
227 975
228 269
229 380
229 473
229 537
229 583
229 682
229 850
229 887
229 903
229 930
230 548
230 561
230 871
231 234
231 455
231 691
231 967
231 993
232 407
232 727
232 889
233 315
233 363
233 471
233 472
233 482
233 881
234 391
234 406
234 545
234 652
234 703
234 713
235 427
235 444
235 555
235 708
235 794
235 887
236 722
237 243
237 257
237 484
237 488
237 621
237 831
237 943
237 966
239 240
239 261
239 428
239 441
239 476
239 484
239 630
239 761
239 770
239 882
240 370
240 372
240 375
240 511
240 608
240 773
242 273
242 350
242 360
242 431
242 496
242 556
243 411
243 766
244 419
244 504
244 878
245 323
245 356
245 373
245 431
245 441
245 535
245 615
245 779
246 250
246 398
246 557
246 796
246 837
246 876
246 964
247 371
247 397
247 430
247 432
247 605
249 599
249 601
249 716
250 302
250 514
250 762
250 857
250 914
251 264
251 295
251 442
251 448
251 610
251 656
251 867
252 287
252 329
252 390
252 492
252 901
252 943
253 746
254 587
254 702
254 903
255 262
255 310
255 439
256 414
256 873
257 474
257 642
258 320
258 330
258 350
258 387
258 415
258 532
258 580
258 585
258 621
258 657
258 658
258 695
258 843
258 913
259 275
259 375
259 387
259 448
259 624
259 818
259 974
260 285
260 558
260 664
260 804
261 345
261 918
263 319
263 515
264 270
264 341
264 468
264 721
264 748
264 807
264 827
264 909
264 999
265 288
265 290
265 343
265 492
265 553
266 359
266 430
266 603
266 681
266 826
267 294
267 754
267 888
268 314
269 699
269 788
269 978
270 320
270 438
270 813
271 341
271 385
271 733
271 739
271 910
272 480
272 634
272 733
272 837
272 980
273 276
273 374
273 678
274 280
274 789
274 882
274 954
275 411
275 957
276 368
276 403
276 428
276 487
276 525
276 585
276 610
276 618
276 769
276 979
276 987
277 577
277 994
278 411
278 855
279 364
279 420
279 468
279 877
279 910
280 478
280 507
281 324
281 331
281 488
281 604
282 378
282 406
282 503
282 688
282 879
283 567
283 772
284 290
284 365
284 649
286 296
286 309
286 812
286 968
287 454
287 615
287 740
287 905
287 963
288 395
288 534
288 625
288 679
288 759
288 926
288 993
289 472
289 794
290 539
290 798
290 859
292 553
292 839
292 955
293 381
293 649
293 822
293 940
293 948
294 437
294 902
295 754
296 472
296 489
296 499
297 336
297 757
298 319
298 537
299 318
299 526
299 532
299 667
299 678
299 817
300 375
300 408
300 435
300 480
300 510
300 531
300 700
300 708
300 922
300 989
301 357
301 520
301 851
301 916
301 955
302 656
304 650
305 360
306 412
306 913
307 441
307 769
307 780
308 323
308 660
308 777
309 322
309 405
309 533
309 621
309 958
310 783
310 786
310 888
310 897
311 340
311 499
311 603
311 795
312 417
312 420
312 475
312 520
312 594
312 602
312 749
313 355
313 425
313 544
314 345
314 398
314 447
314 744
315 531
315 565
315 803
316 613
317 526
317 555
317 634
317 870
317 878
317 977
318 386
318 409
318 455
318 562
318 600
318 954
319 877
320 853
320 977
321 536
321 967
322 400
322 798
323 508
323 602
323 661
323 671
323 693
323 722
323 726
323 919
324 358
324 884
324 921
324 940
325 413
325 512
325 628
326 380
327 433
327 504
327 537
327 577
327 887
328 595
329 334
329 348
329 477
329 569
329 594
329 642
329 702
329 713
329 807
329 925
330 434
330 452
330 547
330 595
330 651
330 786
331 495
331 712
332 349
332 399
332 525
332 735
332 809
332 884
332 908
333 839
333 847
334 359
334 565
335 345
335 634
335 690
335 883
337 479
337 614
337 660
337 787
337 952
338 366
338 384
338 412
338 630
338 654
338 746
338 763
338 812
338 928
338 936
339 378
339 636
340 576
340 819
340 895
340 931
341 658
341 695
341 858
341 929
342 400
342 489
342 735
342 839
343 458
343 614
343 711
343 721
343 723
343 747
344 522
344 632
344 748
344 805
344 831
345 584
345 719
345 795
346 767
348 807
349 542
350 566
350 589
350 774
351 611
351 721
353 573
353 627
353 799
353 802
354 517
355 665
355 989
356 392
356 399
356 724
357 511
357 561
357 602
357 706
357 823
358 388
358 419
358 493
358 959
359 413
359 718
359 783
359 813
362 457
362 473
362 534
362 808
363 844
365 392
365 424
365 518
365 537
365 935
365 959
365 961
366 459
366 705
366 787
366 965
367 906
369 443
369 679
369 730
370 812
370 912
370 944
370 973
372 378
372 608
374 540
375 432
375 792
375 927
375 979
376 460
376 589
376 621
378 495
378 508
378 548
378 655
378 841
379 486
379 525
379 550
379 927
380 385
380 538
380 666
380 781
381 446
381 805
381 819
382 423
382 474
382 514
382 677
383 393
383 519
383 656
384 671
385 674
385 681
385 726
385 864
385 904
385 983
386 486
387 611
387 616
388 428
388 555
388 702
389 435
389 890
389 949
390 810
390 863
391 462
391 617
391 862
391 948
392 499
392 920
393 933
394 454
394 540
394 586
394 594
394 671
394 719
394 743
395 503
395 580
395 598
395 705
396 417
396 467
396 797
397 715
397 776
397 960
398 984
399 582
399 684
399 792
400 627
401 592
401 842
401 859
401 912
402 457
402 551
402 636
402 692
402 808
402 899
403 497
403 637
403 925
404 510
404 531
405 523
405 564
405 659
405 884
409 410
409 715
409 793
410 606
411 421
411 653
411 676
411 773
413 584
413 868
414 932
415 652
415 662
415 930
416 461
416 803
416 936
417 435
417 459
417 545
417 578
417 586
417 625
417 864
418 580
418 587
420 465
421 597
421 777
421 815
422 601
422 606
422 944
423 712
424 760
424 980
424 997
425 558
425 882
425 974
426 664
427 636
427 729
428 575
429 465
429 595
430 997
431 620
431 686
431 722
432 724
432 968
432 975
433 591
433 620
435 528
435 898
436 852
437 716
437 978
438 599
439 464
439 622
439 862
439 906
440 942
441 655
441 818
441 853
442 529
442 930
443 466
444 464
444 571
444 629
444 915
445 623
446 683
446 939
447 611
447 682
447 972
448 481
448 517
448 917
448 975
449 498
450 561
450 589
450 636
450 669
450 782
450 789
450 872
451 503
451 518
451 707
452 465
452 576
452 938
452 999
454 521
454 806
454 991
455 554
456 651
457 584
457 604
457 791
457 976
457 977
458 494
458 997
459 547
460 948
462 587
462 822
466 828
468 507
468 593
469 483
470 825
471 588
472 789
472 904
473 647
473 742
473 791
474 569
474 643
474 758
474 934
475 529
475 720
475 862
477 661
477 838
478 644
478 891
480 522
480 562
480 613
480 794
481 669
481 780
482 586
482 814
483 899
483 989
484 489
484 874
485 556
485 792
485 847
487 512
487 592
488 502
488 790
488 834
488 862
489 617
490 534
490 599
492 740
493 685
496 978
498 522
498 712
499 830
500 969
501 524
504 965
505 615
505 677
505 730
505 874
506 622
506 623
509 797
510 976
511 981
512 632
513 542
513 551
513 588
513 749
514 530
514 627
514 640
516 935
517 564
517 740
517 799
519 663
519 832
519 912
520 906
520 910
520 942
521 605
522 707
523 601
523 961
524 643
524 911
527 821
527 919
528 597
529 795
529 937
530 858
533 801
533 832
535 986
536 880
539 937
540 759
541 698
541 810
541 850
541 952
542 913
543 627
544 597
545 624
546 637
546 790
546 969
548 739
548 927
548 981
549 767
549 904
550 650
551 987
552 610
552 660
552 868
553 616
553 622
554 706
556 633
558 759
560 896
561 739
561 778
562 896
563 751
563 753
563 944
563 971
565 574
565 579
565 728
565 782
565 885
567 872
568 824
570 710
571 600
571 694
572 693
572 938
574 607
574 655
581 972
583 989
583 990
583 998
584 752
585 906
586 757
586 836
586 852
588 645
589 911
590 628
590 931
591 890
591 980
593 669
593 751
593 853
593 932
594 609
595 653
595 757
596 673
596 815
599 721
600 620
600 631
601 719
604 639
604 829
604 894
605 811
605 922
607 808
607 994
608 638
609 895
611 786
612 663
614 672
614 883
615 921
616 707
616 840
616 893
617 635
617 657
617 737
617 868
618 811
619 728
619 918
620 686
620 908
622 629
623 644
623 908
624 637
624 701
624 920
625 645
625 653
626 673
626 768
627 779
627 929
628 826
629 996
630 762
631 915
632 640
632 756
632 890
633 958
634 733
634 855
635 666
635 682
635 713
635 787
636 783
639 811
639 821
640 699
641 970
642 659
642 842
642 904
642 942
643 793
643 907
645 703
645 725
645 964
646 950
647 962
647 966
648 709
648 747
648 888
650 985
651 806
651 821
656 770
658 744
658 900
658 964
659 771
659 870
659 895
660 799
660 814
661 763
661 894
662 727
662 919
663 674
666 988
667 804
667 885
667 923
668 866
668 879
670 717
672 843
673 758
674 867
675 829
678 745
678 956
678 967
679 869
679 981
681 758
681 778
681 879
682 892
682 909
685 705
685 765
686 738
686 819
686 916
686 922
687 704
688 692
688 756
688 991
689 861
691 924
695 982
697 785
698 845
698 876
699 976
700 890
701 972
702 785
707 772
708 851
709 765
711 816
711 849
711 949
711 991
712 920
714 865
715 841
716 810
718 827
718 905
719 728
722 804
724 845
725 749
725 755
725 764
725 865
728 810
728 823
728 898
729 993
731 761
731 923
733 738
734 845
735 840
736 785
736 986
737 983
738 899
740 796
745 800
747 905
748 846
750 816
751 856
752 903
765 834
768 779
768 992
771 992
772 830
774 809
775 801
777 829
779 962
779 982
783 900
784 924
784 947
785 912
785 951
786 893
788 820
788 881
790 950
794 835
794 917
795 855
795 908
795 971
796 920
797 984
800 988
801 832
801 841
801 855
801 939
801 986
805 854
805 969
817 937
818 990
823 867
826 874
828 974
829 881
833 913
837 864
837 982
839 866
840 923
850 856
852 948
854 945
864 924
878 896
879 966
883 998
884 928
893 901
893 927
897 987
899 947
902 926
915 984
918 941
927 945
928 969
930 954
948 974
949 963
956 973
969 994
