1 2
1 3
1 4
1 5
1 6
1 7
1 9
1 12
1 14
1 15
1 17
1 22
1 24
1 27
1 35
1 39
1 40
1 53
1 74
1 81
1 96
1 97
2 6
2 7
2 8
2 10
2 11
2 13
2 15
2 19
2 26
2 34
2 37
2 49
2 72
2 89
3 6
3 7
3 8
3 10
3 11
3 13
3 16
3 23
3 27
3 28
3 30
3 32
3 37
3 46
3 50
3 62
3 63
3 90
3 91
3 99
4 8
4 9
4 10
4 16
4 18
4 19
4 29
4 33
4 38
4 72
4 73
4 80
4 85
4 88
5 6
5 7
5 8
5 11
5 12
5 16
5 21
5 22
5 23
5 27
5 28
5 38
5 43
5 44
5 47
5 50
5 60
5 87
5 94
5 100
6 9
6 13
6 14
6 16
6 18
6 21
6 36
6 45
6 52
6 53
6 57
6 62
6 70
6 74
6 77
6 84
6 94
7 10
7 15
7 17
7 20
7 24
7 30
7 35
7 36
7 41
7 69
7 88
7 95
8 9
8 11
8 12
8 13
8 15
8 18
8 22
8 25
8 32
8 44
8 47
8 51
8 55
8 69
8 75
8 79
8 84
8 98
8 100
9 14
9 17
9 39
9 44
9 61
9 76
9 79
9 89
10 12
10 14
10 21
10 23
10 29
10 30
10 32
10 40
10 42
10 49
10 51
10 55
10 57
10 60
10 61
10 70
10 78
10 86
10 98
11 23
11 25
11 29
11 33
11 41
11 67
11 78
12 21
12 36
12 68
12 71
12 73
12 91
12 95
13 34
13 35
13 40
13 45
13 54
13 56
13 90
14 17
14 19
14 25
14 41
14 68
15 19
15 31
15 43
15 55
15 93
15 98
15 99
16 39
16 43
16 51
16 52
16 76
16 85
17 18
17 20
17 25
17 26
17 31
17 47
17 59
17 69
17 70
17 83
17 84
17 96
17 99
18 20
18 38
18 70
18 79
19 20
19 28
19 33
19 41
19 42
19 54
19 65
19 73
19 86
20 22
20 26
20 31
20 49
20 59
20 71
20 95
21 29
21 48
21 54
21 56
21 80
21 93
22 24
22 40
22 42
22 48
22 59
22 64
22 66
22 67
22 82
22 91
23 24
23 26
23 33
23 36
23 37
23 43
23 45
23 47
23 52
23 53
23 56
23 58
23 65
23 66
23 67
23 86
23 93
23 100
24 27
24 28
24 76
24 80
24 94
24 97
25 39
25 50
25 61
25 81
25 84
26 31
26 32
26 34
26 35
26 60
26 64
26 83
27 34
27 42
27 46
27 48
27 68
27 82
27 87
27 96
27 99
28 44
28 46
28 57
28 67
28 69
29 30
29 53
29 64
29 81
31 38
31 52
31 71
31 73
31 77
31 87
32 48
32 63
32 77
32 78
32 83
33 55
33 63
35 45
35 58
35 68
35 75
36 37
36 54
37 71
37 78
38 46
39 50
39 58
39 61
39 74
39 96
40 51
40 82
40 100
42 49
43 56
43 65
43 74
43 80
43 92
46 64
48 66
49 59
49 86
50 62
51 72
51 88
52 65
52 66
52 89
53 82
53 91
54 57
54 58
54 62
54 97
55 75
55 81
56 60
56 92
58 85
61 63
62 77
67 72
67 95
68 94
69 83
70 93
71 75
71 87
71 90
73 97
75 76
77 92
78 79
79 90
80 85
81 88
85 92
86 89
86 98
