1 2
1 3
1 4
1 5
1 6
1 7
1 8
1 9
1 10
1 12
1 13
1 14
1 15
1 16
1 17
1 18
1 20
1 24
1 25
1 26
1 28
1 29
1 30
1 32
1 37
1 38
1 39
1 41
1 45
1 46
1 48
1 51
1 57
1 59
1 60
1 63
1 66
1 68
1 80
1 85
1 86
1 87
1 93
1 97
1 98
1 103
1 104
1 118
1 127
1 131
1 137
1 140
1 141
1 156
1 163
1 165
1 183
1 202
1 208
1 212
1 224
1 233
1 236
1 241
1 244
2 6
2 9
2 11
2 12
2 15
2 30
2 32
2 34
2 40
2 57
2 61
2 75
2 80
2 100
2 104
2 133
2 136
2 142
2 159
2 162
2 163
2 194
2 209
2 210
2 214
2 223
2 235
2 245
3 6
3 7
3 8
3 10
3 11
3 12
3 13
3 14
3 16
3 18
3 20
3 22
3 23
3 24
3 27
3 29
3 36
3 37
3 40
3 44
3 46
3 56
3 58
3 59
3 64
3 69
3 71
3 72
3 79
3 90
3 91
3 97
3 99
3 100
3 103
3 105
3 110
3 111
3 112
3 116
3 117
3 143
3 148
3 150
3 153
3 157
3 158
3 170
3 171
3 175
3 181
3 182
3 184
3 185
3 189
3 201
3 202
3 218
3 221
3 237
3 238
3 246
4 6
4 13
4 15
4 34
4 97
4 201
4 207
5 7
5 36
5 70
5 90
5 98
5 124
6 7
6 8
6 9
6 10
6 19
6 21
6 25
6 37
6 42
6 64
6 86
6 91
6 92
6 94
6 113
6 115
6 124
6 129
6 136
6 144
6 170
6 171
6 195
6 202
6 241
6 245
7 8
7 9
7 11
7 18
7 29
7 33
7 42
7 45
7 49
7 50
7 52
7 62
7 71
7 77
7 84
7 94
7 95
7 121
7 130
7 141
7 144
7 147
7 158
7 163
7 175
7 179
7 200
7 208
7 209
7 210
7 215
7 235
7 241
7 242
8 41
8 72
8 148
8 204
8 226
9 10
9 14
9 17
9 18
9 19
9 20
9 23
9 24
9 28
9 30
9 31
9 33
9 35
9 38
9 39
9 43
9 44
9 45
9 47
9 48
9 50
9 74
9 75
9 76
9 81
9 85
9 87
9 91
9 93
9 96
9 103
9 126
9 129
9 130
9 146
9 159
9 162
9 168
9 183
9 187
9 196
9 200
9 227
9 234
10 11
10 14
10 20
10 22
10 23
10 27
10 30
10 36
10 51
10 53
10 68
10 72
10 78
10 112
10 114
10 119
10 157
10 165
10 171
10 236
11 12
11 13
11 17
11 21
11 25
11 49
11 51
11 57
11 60
11 62
11 70
11 79
11 90
11 115
11 120
11 121
11 129
11 135
11 144
11 150
11 210
11 228
11 230
11 234
11 236
12 16
12 58
12 105
12 151
12 170
12 187
12 194
12 203
12 226
13 35
13 47
13 73
13 74
13 78
13 99
13 131
13 132
13 139
13 140
13 155
13 173
13 189
13 201
13 207
13 219
14 15
14 26
14 32
14 40
14 111
14 122
14 151
14 199
15 16
15 17
15 19
15 25
15 29
15 33
15 34
15 38
15 49
15 54
15 57
15 68
15 69
15 82
15 89
15 104
15 110
15 127
15 131
15 135
15 157
15 167
15 178
15 181
15 190
15 194
15 200
15 225
16 19
16 23
16 28
16 32
16 34
16 42
16 47
16 51
16 164
16 172
16 175
16 192
16 193
16 221
16 250
17 21
17 22
17 28
17 44
17 65
17 83
17 93
17 101
17 118
17 138
17 160
17 218
17 234
18 24
18 48
18 53
18 64
18 177
19 26
19 49
19 56
19 70
19 74
19 91
19 95
19 112
19 114
19 119
19 132
19 134
19 161
19 169
19 180
20 21
20 22
20 27
20 31
20 36
20 41
20 55
20 65
20 70
20 72
20 73
20 76
20 79
20 81
20 92
20 102
20 108
20 114
20 160
20 164
20 171
20 179
20 188
20 202
21 160
22 31
22 38
22 73
22 86
22 106
22 115
22 136
22 142
22 217
22 238
23 39
23 44
23 46
23 64
23 80
23 94
23 101
23 186
23 240
24 31
24 35
24 43
24 60
24 77
24 92
24 99
24 150
24 172
24 191
24 201
25 26
25 27
25 33
25 41
25 50
25 140
26 40
26 52
26 58
26 71
26 106
26 120
26 176
26 193
27 37
27 53
27 108
27 117
27 145
27 187
27 190
28 43
28 45
28 52
28 54
28 102
28 127
28 128
28 136
28 138
28 142
28 156
28 184
28 235
29 85
29 164
29 183
29 207
30 60
30 78
30 84
30 107
30 123
30 133
30 134
30 184
30 194
30 226
31 66
31 88
31 119
32 35
32 52
32 68
32 75
32 83
32 120
32 126
32 191
32 192
32 243
33 39
33 46
33 104
33 168
33 192
33 216
34 101
34 237
35 55
35 62
35 118
35 154
35 159
35 163
35 177
35 179
35 192
35 203
35 206
35 240
36 43
36 47
36 53
36 79
36 82
37 96
37 173
37 247
38 42
38 54
38 65
38 67
38 73
38 76
38 81
38 89
38 110
38 137
38 140
38 143
38 156
38 178
38 213
38 239
38 248
39 214
39 227
40 82
40 180
40 231
41 59
41 71
41 95
41 100
41 132
41 168
41 183
41 188
41 214
42 50
42 65
42 69
42 125
42 178
42 236
43 82
43 108
44 96
44 126
44 153
44 195
45 61
45 63
45 67
45 77
45 139
45 146
45 166
46 145
47 48
47 54
47 55
47 58
47 59
47 67
47 101
47 105
47 125
47 156
47 180
47 215
47 246
48 61
48 90
49 63
49 107
49 113
49 115
49 116
49 125
49 146
49 230
50 55
50 83
51 76
51 81
51 84
51 134
51 185
51 195
51 234
51 243
52 56
52 61
52 67
52 83
52 152
52 246
53 63
53 78
53 142
53 145
53 222
54 56
54 188
54 216
54 233
55 92
55 102
55 111
55 138
55 147
55 169
55 174
55 190
55 216
55 221
55 224
57 62
57 66
57 95
57 106
57 122
57 197
57 244
58 87
58 88
58 110
58 154
58 206
59 113
60 66
60 93
60 124
60 170
60 248
61 85
61 123
61 124
61 150
61 151
61 173
62 125
62 205
63 88
63 144
63 148
63 182
63 213
63 228
65 69
65 74
65 119
65 212
66 77
66 126
66 133
66 134
66 147
66 184
67 107
67 118
67 141
67 225
67 239
68 98
69 88
69 89
69 233
69 246
70 250
71 116
72 80
72 102
72 208
73 103
73 113
73 166
73 198
73 199
73 217
73 232
74 75
74 97
74 167
74 218
75 98
75 145
75 161
76 84
76 86
76 152
76 165
76 178
76 179
76 215
76 238
77 167
77 225
78 89
78 146
78 158
78 198
79 105
79 135
79 204
79 212
79 241
80 96
80 121
80 167
80 211
81 87
81 143
81 151
81 154
81 174
81 175
81 208
81 220
81 247
82 100
82 187
82 211
82 249
83 99
83 121
83 139
83 185
83 189
83 219
83 221
83 244
83 245
84 129
85 94
85 109
85 111
85 128
85 130
85 152
85 239
86 114
86 237
87 138
88 112
88 186
88 196
88 205
88 212
89 215
90 106
90 107
90 161
90 213
90 242
91 173
91 188
91 191
91 199
91 223
92 224
92 250
93 143
93 165
93 204
94 122
94 149
95 153
95 157
96 117
96 148
96 161
96 205
97 128
98 244
99 189
100 109
100 200
100 218
100 231
100 248
101 181
102 108
102 120
102 158
102 181
102 226
104 109
105 109
105 130
105 155
105 185
106 137
107 133
107 176
107 247
108 116
108 203
108 227
109 123
109 154
109 169
110 210
110 249
111 147
111 186
114 117
114 219
115 149
116 162
116 191
117 123
117 137
117 149
117 152
117 164
117 168
117 186
117 225
118 135
118 249
120 127
120 197
121 122
121 139
121 190
123 172
123 180
123 217
124 141
126 128
126 195
126 204
126 242
128 132
128 155
128 182
128 220
129 131
135 196
135 206
135 230
137 198
138 155
139 198
139 239
139 248
140 159
140 174
142 172
143 149
144 196
144 199
144 209
145 177
145 237
147 203
149 211
150 197
151 193
151 216
152 153
152 160
152 176
152 219
152 230
152 240
154 213
154 222
155 162
155 166
156 166
157 245
159 231
159 242
159 243
160 238
163 174
163 176
163 250
164 169
164 193
164 220
164 229
165 229
169 223
170 182
173 177
173 228
175 223
177 232
178 233
179 209
180 205
180 228
181 214
187 211
187 240
189 232
190 197
191 206
193 229
196 229
199 247
200 217
202 220
202 232
203 207
205 249
209 222
209 224
209 231
213 243
217 222
224 235
226 227
