1 2
1 3
1 4
1 5
1 6
1 8
1 9
1 10
1 16
1 17
1 19
1 21
1 32
1 35
1 38
1 47
1 67
1 69
1 70
1 75
1 78
1 81
1 88
1 103
1 104
1 112
1 113
1 123
1 133
1 135
1 147
1 153
1 179
1 182
1 183
1 193
1 202
1 206
1 223
1 273
1 276
1 315
1 320
1 333
1 335
1 342
1 351
1 369
1 373
1 376
1 410
1 412
1 418
1 429
1 430
1 488
1 524
1 545
1 576
1 579
1 633
1 666
1 667
1 669
1 687
1 710
1 718
1 740
1 763
1 802
1 838
1 863
1 908
1 923
1 924
1 960
1 994
1 1049
1 1057
1 1074
1 1101
1 1109
1 1129
1 1130
1 1157
1 1186
1 1199
1 1206
1 1208
1 1231
1 1253
1 1323
1 1363
1 1388
1 1495
1 1528
1 1583
1 1625
1 1639
1 1673
1 1718
1 1810
1 1841
1 1867
1 1974
1 2044
1 2048
1 2096
1 2148
1 2186
1 2247
1 2290
1 2319
1 2363
1 2385
1 2388
1 2403
1 2457
1 2473
1 2497
2 12
2 20
2 26
2 61
2 80
2 116
2 117
2 221
2 223
2 249
2 321
2 332
2 350
2 587
2 636
2 846
2 854
2 899
2 1188
2 2239
2 2406
3 6
3 7
3 8
3 12
3 13
3 50
3 52
3 53
3 60
3 90
3 104
3 117
3 119
3 134
3 188
3 189
3 191
3 256
3 257
3 312
3 326
3 359
3 370
3 409
3 450
3 489
3 525
3 526
3 563
3 618
3 626
3 640
3 807
3 814
3 819
3 871
3 873
3 952
3 1071
3 1090
3 1299
3 1302
3 1303
3 1432
3 1614
3 1762
3 1809
3 2032
3 2116
3 2163
3 2210
3 2256
3 2276
4 6
4 7
4 8
4 9
4 10
4 11
4 13
4 14
4 15
4 17
4 20
4 26
4 27
4 31
4 32
4 36
4 37
4 41
4 43
4 54
4 56
4 66
4 69
4 77
4 86
4 100
4 113
4 129
4 140
4 141
4 151
4 158
4 205
4 215
4 226
4 227
4 228
4 245
4 260
4 261
4 263
4 273
4 274
4 296
4 297
4 300
4 301
4 324
4 330
4 363
4 411
4 426
4 440
4 467
4 478
4 486
4 561
4 566
4 592
4 607
4 610
4 626
4 633
4 650
4 738
4 755
4 778
4 785
4 799
4 806
4 826
4 831
4 841
4 842
4 843
4 875
4 944
4 945
4 984
4 991
4 1007
4 1026
4 1102
4 1113
4 1155
4 1174
4 1186
4 1194
4 1208
4 1273
4 1280
4 1324
4 1364
4 1416
4 1419
4 1533
4 1552
4 1563
4 1618
4 1659
4 1661
4 1667
4 1677
4 1722
4 1744
4 1810
4 1851
4 1857
4 1872
4 1889
4 1954
4 1965
4 2034
4 2074
4 2079
4 2080
4 2140
4 2146
4 2227
4 2255
4 2299
4 2363
5 6
5 7
5 9
5 13
5 14
5 17
5 18
5 24
5 25
5 28
5 31
5 34
5 35
5 36
5 37
5 39
5 40
5 48
5 55
5 71
5 72
5 77
5 81
5 83
5 84
5 90
5 92
5 93
5 100
5 104
5 106
5 107
5 113
5 120
5 135
5 154
5 165
5 174
5 181
5 209
5 225
5 241
5 248
5 253
5 294
5 303
5 318
5 320
5 325
5 349
5 353
5 363
5 373
5 393
5 397
5 425
5 432
5 433
5 435
5 465
5 469
5 475
5 481
5 498
5 509
5 512
5 542
5 558
5 565
5 622
5 645
5 689
5 722
5 726
5 803
5 813
5 820
5 822
5 836
5 860
5 877
5 890
5 913
5 935
5 937
5 950
5 954
5 1008
5 1022
5 1037
5 1040
5 1126
5 1139
5 1159
5 1170
5 1177
5 1179
5 1313
5 1338
5 1341
5 1354
5 1415
5 1535
5 1543
5 1633
5 1650
5 1685
5 1767
5 1788
5 1852
5 1862
5 1881
5 1932
5 1938
5 1989
5 2134
5 2183
5 2200
5 2270
5 2280
5 2292
5 2357
5 2405
5 2414
5 2422
5 2447
6 7
6 8
6 10
6 11
6 15
6 19
6 22
6 29
6 31
6 35
6 47
6 50
6 60
6 64
6 67
6 75
6 89
6 91
6 101
6 108
6 120
6 121
6 138
6 161
6 164
6 168
6 176
6 203
6 211
6 280
6 296
6 298
6 335
6 353
6 385
6 444
6 463
6 469
6 489
6 490
6 534
6 535
6 548
6 553
6 580
6 664
6 671
6 673
6 703
6 713
6 758
6 846
6 920
6 949
6 1012
6 1062
6 1095
6 1119
6 1203
6 1224
6 1251
6 1256
6 1314
6 1370
6 1605
6 1615
6 1624
6 1649
6 1657
6 1737
6 1886
6 1908
6 1919
6 2022
6 2030
6 2079
6 2105
6 2237
6 2288
6 2316
6 2318
6 2339
6 2399
6 2476
6 2481
7 9
7 23
7 30
7 31
7 43
7 56
7 57
7 70
7 91
7 96
7 100
7 102
7 109
7 134
7 136
7 175
7 184
7 197
7 209
7 212
7 266
7 292
7 360
7 378
7 401
7 405
7 462
7 465
7 516
7 530
7 552
7 605
7 619
7 677
7 797
7 924
7 1054
7 1118
7 1151
7 1153
7 1196
7 1205
7 1274
7 1290
7 1314
7 1317
7 1353
7 1581
7 1593
7 1650
7 1681
7 1682
7 1713
7 1828
7 1855
7 1882
7 1893
7 1919
7 1934
7 2028
7 2057
7 2245
7 2247
7 2250
7 2345
8 11
8 12
8 14
8 15
8 16
8 21
8 22
8 23
8 26
8 34
8 43
8 45
8 48
8 64
8 83
8 84
8 102
8 109
8 112
8 121
8 133
8 141
8 166
8 167
8 169
8 170
8 204
8 218
8 222
8 249
8 259
8 281
8 314
8 350
8 371
8 382
8 394
8 406
8 411
8 417
8 427
8 440
8 441
8 456
8 461
8 501
8 505
8 516
8 526
8 548
8 549
8 575
8 587
8 625
8 632
8 639
8 651
8 656
8 678
8 703
8 711
8 766
8 780
8 795
8 801
8 849
8 885
8 912
8 947
8 974
8 979
8 1006
8 1061
8 1084
8 1085
8 1100
8 1124
8 1130
8 1184
8 1202
8 1206
8 1209
8 1224
8 1248
8 1266
8 1296
8 1341
8 1356
8 1411
8 1420
8 1435
8 1447
8 1469
8 1474
8 1512
8 1553
8 1560
8 1597
8 1626
8 1630
8 1648
8 1733
8 1756
8 1794
8 1795
8 1812
8 1845
8 1891
8 1916
8 1918
8 1984
8 1987
8 1988
8 2024
8 2035
8 2037
8 2051
8 2059
8 2301
8 2340
8 2394
8 2492
9 10
9 11
9 30
9 32
9 36
9 58
9 65
9 67
9 87
9 88
9 120
9 129
9 150
9 266
9 270
9 320
9 331
9 338
9 349
9 369
9 451
9 492
9 504
9 570
9 597
9 630
9 672
9 700
9 725
9 729
9 761
9 796
9 878
9 954
9 961
9 982
9 1075
9 1081
9 1105
9 1243
9 1317
9 1407
9 1432
9 1478
9 1585
9 1595
9 1597
9 1615
9 1620
9 1635
9 1670
9 1697
9 1720
9 1890
9 1905
9 1907
9 1967
9 2005
9 2216
9 2220
9 2382
9 2410
9 2468
10 12
10 16
10 24
10 32
10 40
10 45
10 51
10 54
10 65
10 94
10 95
10 96
10 123
10 132
10 153
10 168
10 205
10 230
10 270
10 303
10 311
10 341
10 359
10 366
10 473
10 535
10 572
10 581
10 587
10 641
10 663
10 696
10 813
10 850
10 912
10 1073
10 1199
10 1211
10 1312
10 1394
10 1431
10 1498
10 1531
10 1565
10 1573
10 1655
10 1716
10 1729
10 1783
10 1786
10 1807
10 1844
10 1872
10 2032
10 2044
10 2089
10 2120
10 2130
10 2209
10 2354
10 2424
10 2452
11 14
11 18
11 23
11 26
11 29
11 37
11 39
11 41
11 42
11 46
11 56
11 58
11 60
11 66
11 71
11 90
11 92
11 115
11 137
11 139
11 146
11 149
11 168
11 179
11 186
11 194
11 195
11 207
11 208
11 242
11 263
11 271
11 306
11 307
11 311
11 319
11 323
11 336
11 349
11 384
11 406
11 422
11 442
11 484
11 489
11 492
11 497
11 577
11 592
11 596
11 615
11 625
11 629
11 647
11 681
11 727
11 760
11 776
11 794
11 864
11 871
11 889
11 916
11 926
11 977
11 986
11 995
11 1013
11 1015
11 1028
11 1106
11 1109
11 1122
11 1226
11 1315
11 1348
11 1364
11 1377
11 1403
11 1455
11 1479
11 1504
11 1649
11 1718
11 1745
11 1795
11 1838
11 1873
11 1903
11 1941
11 1953
11 1955
11 1970
11 1971
11 2028
11 2060
11 2062
11 2090
11 2143
11 2216
11 2241
11 2280
11 2304
11 2384
11 2422
11 2423
11 2450
11 2494
12 13
12 17
12 19
12 20
12 21
12 35
12 59
12 67
12 75
12 99
12 115
12 127
12 137
12 145
12 148
12 232
12 289
12 290
12 292
12 379
12 382
12 420
12 428
12 467
12 487
12 525
12 530
12 539
12 609
12 648
12 677
12 735
12 1011
12 1111
12 1269
12 1300
12 1425
12 1558
12 1848
12 2018
12 2074
12 2088
12 2099
12 2443
12 2500
13 16
13 20
13 23
13 37
13 63
13 79
13 90
13 175
13 231
13 288
13 356
13 369
13 444
13 506
13 531
13 605
13 644
13 658
13 751
13 757
13 854
13 882
13 993
13 1017
13 1040
13 1239
13 1443
13 1476
13 1482
13 1642
13 1765
13 1798
13 1817
13 1895
13 1929
13 2041
13 2046
13 2058
13 2091
13 2198
13 2217
13 2322
14 15
14 18
14 22
14 25
14 29
14 34
14 36
14 47
14 57
14 62
14 65
14 77
14 80
14 85
14 116
14 133
14 135
14 142
14 165
14 173
14 180
14 181
14 200
14 201
14 216
14 226
14 228
14 229
14 247
14 268
14 275
14 294
14 315
14 333
14 378
14 384
14 406
14 434
14 439
14 474
14 475
14 488
14 513
14 532
14 607
14 646
14 662
14 664
14 701
14 712
14 729
14 735
14 736
14 826
14 832
14 834
14 861
14 892
14 893
14 954
14 957
14 977
14 983
14 996
14 1055
14 1111
14 1167
14 1214
14 1217
14 1219
14 1320
14 1358
14 1399
14 1420
14 1456
14 1500
14 1511
14 1553
14 1560
14 1584
14 1598
14 1610
14 1637
14 1646
14 1730
14 1896
14 1897
14 1980
14 1989
14 2013
14 2048
14 2050
14 2084
14 2126
14 2136
14 2194
14 2214
14 2309
14 2322
14 2328
14 2409
14 2445
14 2448
15 25
15 28
15 33
15 61
15 72
15 73
15 74
15 76
15 80
15 82
15 85
15 163
15 248
15 263
15 303
15 343
15 421
15 465
15 467
15 564
15 661
15 703
15 783
15 832
15 873
15 896
15 910
15 916
15 951
15 998
15 1031
15 1035
15 1086
15 1127
15 1258
15 1259
15 1269
15 1358
15 1488
15 1583
15 1634
15 1697
15 1716
15 1904
15 1989
15 2008
15 2022
15 2113
15 2142
15 2156
16 19
16 21
16 40
16 48
16 51
16 61
16 62
16 91
16 92
16 98
16 130
16 178
16 194
16 204
16 212
16 221
16 261
16 272
16 293
16 319
16 337
16 354
16 419
16 449
16 464
16 515
16 607
16 688
16 697
16 740
16 792
16 845
16 850
16 900
16 947
16 1008
16 1038
16 1068
16 1215
16 1245
16 1253
16 1259
16 1292
16 1343
16 1409
16 1418
16 1455
16 1457
16 1478
16 1570
16 1580
16 1583
16 1600
16 1609
16 1653
16 1663
16 1665
16 1676
16 1693
16 1738
16 1770
16 1771
16 1862
16 1874
16 1919
16 2169
16 2188
16 2228
16 2300
16 2405
16 2474
17 18
17 49
17 57
17 71
17 81
17 82
17 91
17 108
17 132
17 136
17 139
17 143
17 235
17 244
17 250
17 275
17 286
17 295
17 329
17 334
17 350
17 372
17 418
17 448
17 458
17 481
17 547
17 562
17 653
17 656
17 693
17 746
17 794
17 797
17 814
17 914
17 925
17 981
17 997
17 1004
17 1005
17 1074
17 1119
17 1161
17 1225
17 1246
17 1279
17 1307
17 1312
17 1318
17 1361
17 1437
17 1448
17 1450
17 1518
17 1521
17 1731
17 1787
17 1801
17 1811
17 1831
17 1904
17 1940
17 1947
17 1968
17 2001
17 2011
17 2161
17 2227
17 2236
17 2273
17 2364
17 2417
17 2441
17 2447
17 2482
17 2483
18 25
18 27
18 28
18 54
18 62
18 73
18 89
18 99
18 119
18 122
18 147
18 156
18 166
18 179
18 225
18 250
18 260
18 282
18 298
18 315
18 344
18 357
18 380
18 427
18 452
18 455
18 485
18 552
18 561
18 643
18 737
18 770
18 853
18 878
18 914
18 1020
18 1052
18 1066
18 1149
18 1160
18 1221
18 1319
18 1397
18 1414
18 1555
18 1720
18 1785
18 1844
18 1913
18 1914
18 1949
18 2040
18 2092
18 2154
18 2269
18 2286
18 2296
18 2319
18 2366
18 2437
19 22
19 24
19 28
19 41
19 43
19 47
19 54
19 62
19 64
19 79
19 85
19 86
19 88
19 123
19 153
19 176
19 183
19 187
19 200
19 202
19 242
19 271
19 278
19 287
19 297
19 310
19 352
19 419
19 495
19 506
19 522
19 553
19 568
19 589
19 632
19 687
19 701
19 709
19 730
19 817
19 845
19 873
19 913
19 939
19 967
19 998
19 1090
19 1275
19 1315
19 1473
19 1497
19 1580
19 1606
19 1654
19 1691
19 1746
19 1749
19 1770
19 1789
19 1822
19 1847
19 1999
19 2040
19 2461
19 2488
20 24
20 40
20 44
20 46
20 152
20 224
20 312
20 316
20 322
20 445
20 458
20 495
20 517
20 757
20 930
20 987
20 1071
20 1121
20 1213
20 1265
20 1297
20 1341
20 1461
20 1471
20 1494
20 1568
20 1602
20 1605
20 1608
20 1668
20 1761
20 1824
20 2049
20 2066
20 2159
20 2178
20 2264
20 2325
20 2396
21 45
21 53
21 140
21 167
21 185
21 196
21 296
21 300
21 702
21 879
21 1011
21 1053
21 1203
21 1815
21 1990
22 27
22 30
22 42
22 52
22 73
22 76
22 119
22 130
22 174
22 208
22 347
22 365
22 379
22 398
22 410
22 412
22 487
22 554
22 588
22 593
22 655
22 682
22 693
22 795
22 857
22 1489
22 1680
22 1782
22 1931
22 2189
22 2221
22 2276
22 2343
22 2424
23 27
23 68
23 86
23 96
23 103
23 128
23 212
23 213
23 220
23 222
23 224
23 300
23 392
23 420
23 428
23 452
23 498
23 613
23 851
23 856
23 865
23 880
23 1097
23 1108
23 1111
23 1192
23 1204
23 1212
23 1282
23 1357
23 1429
23 1451
23 1532
23 1621
23 1634
23 1638
23 1699
23 1745
23 1755
23 1782
23 1996
23 2003
23 2222
23 2254
23 2312
23 2313
23 2336
23 2344
23 2404
23 2419
24 33
24 39
24 46
24 55
24 66
24 95
24 102
24 116
24 148
24 162
24 175
24 184
24 214
24 242
24 243
24 301
24 317
24 358
24 458
24 534
24 557
24 599
24 643
24 672
24 748
24 776
24 779
24 823
24 865
24 1035
24 1064
24 1113
24 1123
24 1154
24 1171
24 1191
24 1229
24 1278
24 1304
24 1359
24 1373
24 1424
24 1467
24 1574
24 1587
24 1593
24 1611
24 1795
24 1861
24 1869
24 1871
24 1984
24 2070
24 2080
24 2120
24 2164
24 2191
24 2192
24 2238
24 2274
24 2301
24 2328
24 2359
24 2391
24 2435
24 2449
25 33
25 38
25 48
25 52
25 58
25 81
25 163
25 176
25 191
25 202
25 227
25 290
25 311
25 411
25 451
25 545
25 578
25 733
25 1055
25 1102
25 1175
25 1271
25 1306
25 1368
25 1405
25 1428
25 1440
25 1474
25 1511
25 1520
25 1622
25 1644
25 1687
25 1750
25 1752
25 1863
25 1881
25 2041
25 2062
25 2272
25 2279
25 2433
25 2497
26 29
26 49
26 59
26 74
26 83
26 87
26 118
26 122
26 144
26 172
26 244
26 247
26 257
26 262
26 273
26 296
26 304
26 343
26 357
26 387
26 402
26 407
26 435
26 436
26 448
26 480
26 502
26 578
26 579
26 621
26 674
26 768
26 778
26 784
26 879
26 882
26 911
26 956
26 1067
26 1167
26 1175
26 1191
26 1230
26 1300
26 1326
26 1401
26 1421
26 1484
26 1535
26 1554
26 1581
26 1686
26 1742
26 1834
26 1932
26 2026
26 2115
26 2207
26 2279
26 2454
26 2467
26 2469
26 2490
27 34
27 50
27 53
27 63
27 64
27 66
27 70
27 72
27 96
27 99
27 121
27 139
27 140
27 141
27 178
27 196
27 206
27 231
27 237
27 355
27 367
27 386
27 406
27 429
27 437
27 447
27 473
27 519
27 521
27 549
27 558
27 599
27 633
27 637
27 667
27 694
27 745
27 780
27 838
27 890
27 1062
27 1142
27 1224
27 1243
27 1260
27 1304
27 1327
27 1344
27 1367
27 1372
27 1440
27 1446
27 1471
27 1541
27 1562
27 1564
27 1576
27 1657
27 1709
27 1721
27 1768
27 1772
27 1863
27 1962
27 2119
27 2123
27 2127
27 2285
27 2403
27 2408
28 38
28 44
28 69
28 106
28 107
28 114
28 119
28 137
28 216
28 219
28 254
28 277
28 457
28 497
28 508
28 520
28 589
28 593
28 597
28 684
28 733
28 748
28 834
28 839
28 904
28 1040
28 1491
28 1498
28 1589
28 1707
28 1748
28 1763
28 1835
28 1873
28 1921
28 2042
28 2088
28 2106
28 2264
29 30
29 124
29 144
29 171
29 231
29 234
29 265
29 368
29 392
29 425
29 436
29 437
29 451
29 453
29 466
29 651
29 804
29 866
29 910
29 938
29 986
29 989
29 1361
29 1412
29 1769
29 1779
29 1809
29 1860
29 1944
29 1957
29 2267
29 2427
29 2434
30 41
30 59
30 68
30 95
30 97
30 98
30 107
30 121
30 122
30 123
30 125
30 138
30 146
30 164
30 171
30 181
30 182
30 187
30 233
30 238
30 245
30 262
30 267
30 271
30 338
30 345
30 361
30 366
30 386
30 393
30 430
30 503
30 528
30 553
30 599
30 622
30 634
30 745
30 761
30 783
30 800
30 814
30 819
30 829
30 833
30 840
30 868
30 921
30 925
30 975
30 995
30 999
30 1007
30 1025
30 1055
30 1065
30 1145
30 1153
30 1198
30 1220
30 1286
30 1311
30 1468
30 1475
30 1563
30 1565
30 1643
30 1734
30 1839
30 2066
30 2078
30 2138
30 2215
31 125
31 161
31 201
31 208
31 219
31 225
31 258
31 329
31 335
31 336
31 341
31 397
31 431
31 435
31 436
31 701
31 787
31 833
31 920
31 1058
31 1105
31 1268
31 1281
31 1807
31 2491
32 33
32 38
32 49
32 53
32 56
32 130
32 257
32 308
32 331
32 333
32 334
32 439
32 447
32 980
32 990
32 1113
32 1369
32 1384
32 1427
32 1492
32 1672
32 1945
33 44
33 45
33 51
33 74
33 76
33 78
33 140
33 142
33 150
33 155
33 160
33 172
33 224
33 225
33 239
33 264
33 268
33 324
33 365
33 375
33 390
33 408
33 414
33 509
33 517
33 547
33 552
33 642
33 709
33 744
33 796
33 817
33 936
33 964
33 975
33 1019
33 1021
33 1091
33 1150
33 1255
33 1385
33 1396
33 1483
33 1575
33 1600
33 1651
33 1675
33 1740
33 1796
33 1809
33 2017
33 2239
33 2244
33 2276
33 2428
33 2454
34 79
34 101
34 218
34 223
34 287
34 375
34 440
34 527
34 622
34 632
34 759
34 1183
34 1220
34 1326
34 2111
34 2246
34 2256
34 2447
35 51
35 55
35 118
35 135
35 160
35 199
35 279
35 500
35 643
35 668
35 907
35 1019
35 1141
35 1223
35 1289
35 1301
35 1984
35 2195
35 2266
35 2317
36 44
36 50
36 61
36 78
36 92
36 105
36 112
36 143
36 149
36 173
36 197
36 342
36 393
36 433
36 461
36 517
36 586
36 647
36 700
36 813
36 956
36 984
36 1087
36 1134
36 1383
36 1519
36 1539
36 1601
36 1620
36 1658
36 1893
36 1923
36 2046
36 2067
36 2110
36 2122
36 2160
36 2328
37 42
37 52
37 126
37 177
37 218
37 234
37 286
37 293
37 309
37 318
37 378
37 405
37 474
37 491
37 590
37 624
37 642
37 643
37 663
37 719
37 800
37 820
37 999
37 1039
37 1250
37 1303
37 1477
37 1866
37 2022
37 2327
37 2371
38 39
38 46
38 58
38 102
38 103
38 111
38 114
38 131
38 158
38 252
38 277
38 313
38 322
38 408
38 485
38 558
38 710
38 865
38 867
38 949
38 1019
38 1024
38 1039
38 1051
38 1142
38 1258
38 1335
38 1389
38 1408
38 1511
38 1730
38 1776
38 1805
38 1843
38 1943
38 2029
38 2033
38 2104
38 2130
38 2263
38 2288
38 2372
39 154
39 184
39 209
39 224
39 374
39 616
39 731
39 755
39 790
39 853
39 860
39 988
39 1069
39 1240
39 1338
39 1361
39 1466
39 1504
39 2165
39 2323
40 124
40 209
40 236
40 318
40 414
40 494
40 500
40 523
40 719
40 742
40 792
40 824
40 1016
40 1325
40 1365
40 1388
40 1766
40 1813
40 1882
40 2363
41 42
41 74
41 101
41 111
41 190
41 192
41 236
41 272
41 332
41 422
41 496
41 511
41 513
41 515
41 531
41 564
41 597
41 815
41 836
41 876
41 953
41 973
41 983
41 1016
41 1022
41 1072
41 1079
41 1081
41 1117
41 1135
41 1194
41 1239
41 1261
41 1267
41 1291
41 1550
41 1602
41 1621
41 1628
41 1700
41 1792
41 2076
41 2199
41 2224
41 2241
41 2368
42 59
42 84
42 88
42 89
42 126
42 137
42 150
42 152
42 243
42 278
42 287
42 294
42 343
42 345
42 346
42 352
42 372
42 394
42 408
42 415
42 490
42 499
42 512
42 532
42 549
42 560
42 608
42 668
42 673
42 753
42 905
42 1008
42 1081
42 1136
42 1159
42 1275
42 1393
42 1398
42 1411
42 1463
42 1491
42 1598
42 1622
42 1682
42 1709
42 1717
42 2039
42 2243
43 57
43 72
43 77
43 79
43 86
43 128
43 183
43 223
43 248
43 279
43 363
43 389
43 394
43 410
43 416
43 418
43 489
43 493
43 524
43 649
43 816
43 1158
43 1332
43 1446
43 1461
43 1488
43 1514
43 1775
43 1803
43 1818
43 1820
43 1831
43 1926
43 1969
43 2230
43 2298
43 2404
43 2493
44 113
44 220
44 659
44 855
44 906
44 922
44 1085
44 1319
44 1644
44 1669
44 2127
44 2259
44 2450
45 93
45 103
45 237
45 282
45 314
45 421
45 602
45 674
45 919
45 1004
45 1344
45 1500
45 1521
46 65
46 70
46 94
46 101
46 186
46 320
46 386
46 402
46 403
46 434
46 494
46 502
46 550
46 585
46 645
46 671
46 908
46 992
46 1049
46 1080
46 1192
46 1309
46 1316
46 1336
46 1355
46 1383
46 1527
46 1561
46 1586
46 1596
46 1901
46 2081
46 2160
46 2180
46 2330
47 68
47 97
47 276
47 334
47 438
47 577
47 732
47 1179
47 1266
47 1415
47 1439
47 1603
47 1710
47 1796
47 1964
47 2117
47 2220
47 2440
48 49
48 68
48 108
48 127
48 186
48 207
48 216
48 220
48 233
48 239
48 264
48 306
48 314
48 325
48 332
48 348
48 413
48 432
48 455
48 472
48 514
48 527
48 537
48 540
48 546
48 551
48 600
48 614
48 651
48 654
48 673
48 688
48 710
48 715
48 718
48 729
48 739
48 794
48 795
48 809
48 840
48 848
48 858
48 943
48 1006
48 1016
48 1046
48 1090
48 1185
48 1201
48 1234
48 1292
48 1295
48 1354
48 1394
48 1569
48 1819
48 1979
48 2000
48 2091
48 2133
48 2172
48 2218
48 2349
48 2463
48 2467
49 111
49 159
49 204
49 208
49 248
49 319
49 395
49 442
49 446
49 510
49 567
49 1027
49 1070
49 1116
49 1735
49 1798
49 1875
49 2167
50 55
50 60
50 76
50 94
50 100
50 124
50 142
50 163
50 188
50 189
50 192
50 216
50 219
50 254
50 270
50 298
50 309
50 328
50 376
50 441
50 469
50 494
50 507
50 540
50 562
50 612
50 686
50 725
50 881
50 909
50 983
50 997
50 1004
50 1208
50 1314
50 1322
50 1358
50 1381
50 1435
50 1486
50 1488
50 1516
50 1532
50 1599
50 1619
50 1702
50 1751
50 1890
50 1999
50 2017
50 2067
50 2117
50 2179
50 2232
50 2324
50 2397
51 186
51 404
51 633
51 892
51 916
51 985
51 1000
51 1454
51 1640
51 1661
51 1871
51 1952
52 71
52 112
52 131
52 148
52 380
52 431
52 442
52 466
52 635
52 662
52 711
52 734
52 752
52 764
52 781
52 845
52 923
52 1023
52 1339
52 1707
52 1770
52 1822
52 1920
52 2016
52 2070
52 2175
53 63
53 87
53 256
53 397
53 447
53 636
53 721
53 728
53 770
53 1017
53 1190
53 1995
53 2223
54 89
54 97
54 104
54 128
54 131
54 149
54 151
54 214
54 241
54 269
54 403
54 415
54 467
54 529
54 825
54 883
54 907
54 978
54 1308
54 1423
54 1474
54 1476
54 1515
54 1600
54 1703
54 1827
54 1905
54 1982
55 63
55 73
55 82
55 110
55 145
55 160
55 203
55 253
55 380
55 460
55 502
55 572
55 651
55 766
55 772
55 928
55 969
55 971
55 1317
55 1419
55 1444
55 1492
55 1510
55 1523
55 1851
55 1852
55 1857
55 1991
55 1998
55 2158
56 138
56 144
56 164
56 181
56 280
56 322
56 351
56 357
56 421
56 424
56 775
56 1001
56 1044
56 1048
56 1092
56 1259
56 1286
56 1307
56 1392
56 1394
56 1446
56 1538
56 1693
56 1769
56 1832
56 2024
56 2064
56 2193
56 2317
56 2379
56 2454
57 78
57 98
57 114
57 166
57 194
57 211
57 275
57 280
57 355
57 374
57 397
57 559
57 691
57 720
57 868
57 880
57 917
57 929
57 972
57 1118
57 1197
57 1287
57 1370
57 1376
57 1404
57 1418
57 1530
57 1579
57 1625
57 1753
57 1835
57 2045
57 2110
57 2158
57 2275
57 2394
57 2396
57 2397
57 2488
58 85
58 148
58 232
58 392
58 580
58 822
58 837
58 952
58 1187
58 1349
58 1357
58 1465
58 1515
58 1703
58 2365
59 143
59 173
59 271
59 323
59 353
59 457
59 479
59 717
59 1274
59 1288
59 1372
59 1479
59 1550
59 1807
59 2044
59 2095
59 2168
59 2335
59 2365
59 2484
60 134
60 297
60 592
60 705
60 917
60 918
60 1018
60 1906
60 2500
61 93
61 116
61 153
61 258
61 299
61 308
61 591
61 962
61 974
61 1120
61 1268
61 1719
61 2088
61 2107
61 2131
61 2420
62 75
62 128
62 149
62 188
62 210
62 238
62 240
62 372
62 383
62 485
62 527
62 578
62 610
62 626
62 655
62 765
62 845
62 851
62 1156
62 1429
62 1643
62 1733
62 1802
62 1832
62 1851
62 1868
62 1884
62 2029
62 2321
63 93
63 131
63 138
63 286
63 293
63 339
63 616
63 638
63 1015
63 1215
63 1237
63 1431
63 1534
63 1596
63 1732
63 1808
63 1845
63 1958
63 1973
63 2145
63 2336
63 2479
64 108
64 407
64 445
64 554
64 1002
64 1304
65 158
65 190
65 416
65 562
65 631
65 687
65 784
65 841
65 866
65 960
65 1345
65 1990
65 2017
65 2063
66 110
66 129
66 152
66 162
66 177
66 198
66 243
66 308
66 463
66 508
66 591
66 669
66 676
66 913
66 1056
66 1359
66 1373
66 1715
66 1835
66 1861
66 2043
66 2069
66 2214
67 83
67 118
67 180
67 303
67 570
67 639
67 650
67 661
67 665
67 1075
67 1267
67 1302
67 1523
67 2451
68 69
68 118
68 152
68 212
68 246
68 339
68 342
68 347
68 417
68 482
68 488
68 723
68 750
68 789
68 832
68 1010
68 1037
68 1133
68 1313
68 1429
68 1577
68 1979
69 125
69 130
69 159
69 182
69 185
69 278
69 338
69 353
69 399
69 405
69 422
69 480
69 573
69 611
69 623
69 735
69 740
69 746
69 817
69 854
69 1347
69 1396
69 1451
69 1742
69 2129
69 2359
69 2388
70 126
70 260
70 443
70 499
70 773
70 778
70 1041
70 1459
70 1503
70 1582
70 1610
71 211
71 229
71 368
71 501
71 543
71 735
71 895
71 984
71 1381
71 1481
71 1670
71 1771
71 1843
71 1950
71 2087
71 2146
71 2393
72 122
72 136
72 159
72 190
72 221
72 269
72 281
72 391
72 461
72 470
72 542
72 584
72 614
72 1033
72 1128
72 1246
72 1689
72 1781
72 1894
72 2164
72 2213
72 2310
73 151
73 164
73 169
73 563
73 810
73 811
73 862
73 918
73 949
73 959
73 982
73 1091
73 1166
73 1353
73 1406
73 1543
73 1599
73 1681
73 1918
73 1922
73 2072
73 2366
74 82
74 302
74 722
74 956
74 1168
74 1323
74 1689
74 1719
74 2040
74 2118
75 80
75 127
75 155
75 184
75 252
75 276
75 356
75 409
75 446
75 457
75 464
75 518
75 529
75 631
75 647
75 713
75 927
75 953
75 970
75 1024
75 1032
75 1131
75 1141
75 1223
75 1489
75 1803
75 1844
75 2059
75 2121
75 2135
75 2149
75 2167
75 2267
75 2272
75 2460
76 117
76 124
76 147
76 158
76 217
76 293
76 314
76 449
76 476
76 504
76 524
76 668
76 742
76 781
76 885
76 911
76 989
76 1050
76 1339
76 1485
76 1497
76 1504
76 1793
76 1799
76 1935
76 2023
76 2093
76 2154
76 2163
76 2199
76 2464
77 87
77 110
77 210
77 498
77 640
77 777
77 1310
77 1717
77 1870
77 2335
78 84
78 105
78 268
78 287
78 327
78 436
78 532
78 663
78 743
78 846
78 1382
78 1416
78 1759
78 2406
79 157
79 193
79 206
79 233
79 251
79 256
79 283
79 315
79 326
79 408
79 475
79 535
79 577
79 634
79 726
79 764
79 790
79 799
79 839
79 853
79 871
79 976
79 1158
79 1207
79 1226
79 1280
79 1282
79 1294
79 1355
79 1444
79 1463
79 1566
79 1662
79 1679
79 1744
79 1747
79 1965
79 1984
79 2067
80 114
80 178
80 189
80 229
80 331
80 360
80 650
80 803
80 823
80 852
80 903
80 948
80 1240
80 1687
80 1867
80 2008
80 2025
80 2027
80 2108
80 2228
80 2400
81 157
81 174
81 183
81 201
81 267
81 368
81 568
81 942
81 1010
81 1022
81 1119
81 1485
81 1640
81 1939
81 2094
81 2198
81 2271
81 2324
82 106
82 111
82 161
82 180
82 195
82 226
82 261
82 305
82 336
82 346
82 370
82 388
82 412
82 473
82 642
82 686
82 693
82 756
82 941
82 971
82 1232
82 1359
82 1381
82 1401
82 1464
82 1638
82 1705
82 1791
82 1856
82 1957
82 2006
82 2052
82 2212
82 2279
82 2289
82 2296
82 2301
82 2488
82 2494
83 97
83 157
83 169
83 469
83 620
83 972
83 1272
83 1340
83 1359
83 1622
83 1642
83 1660
83 1688
83 1876
83 2372
84 160
84 180
84 193
84 534
84 659
84 730
84 859
84 902
84 1214
84 1420
84 1628
84 1814
84 1829
84 2215
84 2249
84 2290
85 95
85 109
85 150
85 177
85 199
85 213
85 214
85 219
85 228
85 237
85 272
85 354
85 381
85 399
85 441
85 582
85 617
85 630
85 694
85 707
85 718
85 844
85 899
85 1310
85 1462
85 1466
85 1546
85 1634
85 1648
85 1683
85 1801
85 1845
85 1892
85 2071
85 2262
85 2265
85 2292
85 2390
86 539
86 637
86 681
86 1056
86 2145
86 2452
87 105
87 144
87 205
87 402
87 657
87 680
87 915
87 968
87 1090
87 1169
87 1195
87 1602
87 1702
87 1861
87 1879
87 1908
87 1917
88 115
88 120
88 159
88 265
88 451
88 468
88 481
88 864
88 1202
88 2221
89 247
89 446
89 606
89 669
89 1384
89 1668
90 98
90 126
90 198
90 371
90 772
90 1083
90 1677
90 1936
91 110
91 132
91 242
91 250
91 471
91 593
91 660
91 691
91 903
91 933
91 936
91 982
91 1182
91 1193
91 1228
91 1532
91 1559
91 1603
91 1619
91 1639
91 1640
91 1653
91 1696
91 2019
92 94
92 206
92 282
92 328
92 509
92 782
92 939
92 1447
92 1561
92 1616
92 1854
92 1997
92 2356
92 2495
93 178
93 221
93 385
93 471
93 525
93 569
93 724
93 812
93 934
93 1424
93 1755
93 1761
93 1768
93 1914
93 2024
93 2130
93 2207
93 2229
93 2308
93 2443
94 109
94 125
94 127
94 235
94 321
94 461
94 464
94 601
94 722
94 774
94 1072
94 1206
94 1582
94 1673
94 1722
94 1945
94 2415
94 2436
95 132
95 860
95 1002
95 1422
95 1466
95 2144
96 203
96 227
96 236
96 284
96 365
96 388
96 580
96 709
96 828
96 872
96 1033
96 1086
96 1171
96 1267
96 1406
96 1752
96 2388
97 99
97 134
97 146
97 169
97 174
97 192
97 255
97 266
97 371
97 398
97 412
97 518
97 543
97 628
97 753
97 765
97 859
97 874
97 875
97 901
97 1290
97 1293
97 1438
97 1928
97 2261
97 2472
98 105
98 171
98 175
98 188
98 207
98 220
98 285
98 499
98 555
98 629
98 675
98 804
98 870
98 877
98 1039
98 1110
98 1182
98 1327
98 1336
98 2149
98 2245
99 106
99 167
99 515
99 528
99 600
99 929
99 1541
99 1682
99 1859
99 1985
100 147
100 200
100 319
100 396
100 447
100 491
100 601
100 704
100 951
100 1148
100 1181
100 1189
100 1233
100 1376
100 1441
100 1455
100 1587
100 1704
100 1730
100 1741
100 1792
100 1992
100 2044
100 2260
100 2409
100 2478
101 395
101 567
101 645
101 684
101 815
101 818
101 1366
101 1736
101 1744
101 2321
102 139
102 161
102 173
102 198
102 229
102 305
102 329
102 388
102 420
102 510
102 777
102 905
102 1022
102 1038
102 1335
102 1668
102 1783
102 1843
102 2188
102 2359
103 117
103 142
103 202
103 291
103 308
103 413
103 426
103 477
103 658
103 755
103 808
103 836
103 915
103 1146
103 1157
103 1171
103 1351
103 1818
103 1937
103 1993
103 2003
103 2180
104 185
104 362
104 439
104 697
104 722
104 1246
104 1311
104 1385
104 1518
104 1632
104 1885
104 1923
104 2445
105 115
105 129
105 146
105 217
105 226
105 236
105 264
105 304
105 395
105 413
105 423
105 426
105 448
105 454
105 493
105 530
105 574
105 586
105 595
105 681
105 769
105 807
105 838
105 892
105 941
105 1036
105 1112
105 1377
105 1502
105 1566
105 1601
105 1701
105 1706
105 1845
105 1909
105 1949
105 2016
105 2042
105 2448
106 107
106 162
106 177
106 389
106 407
106 415
106 533
106 628
106 647
106 671
106 676
106 708
106 961
106 962
106 1232
106 1382
106 1551
106 1996
106 2038
106 2131
106 2240
106 2374
106 2413
107 238
107 294
107 694
107 805
107 919
107 1147
107 1169
107 1436
107 1797
107 2307
108 145
108 163
108 239
108 299
108 323
108 344
108 367
108 594
108 598
108 826
108 887
108 1106
108 2114
108 2120
108 2181
108 2196
108 2453
109 483
109 873
109 909
109 1330
109 1598
109 1864
110 432
110 575
110 618
110 863
110 1537
110 1575
110 2019
110 2074
110 2343
111 230
111 496
111 555
111 638
111 657
111 808
111 1456
111 1527
111 2207
112 228
112 351
112 535
112 753
112 757
112 785
112 937
112 998
112 1153
112 1281
112 1294
112 1488
112 1509
112 1534
112 1876
112 2166
113 154
113 254
113 698
113 928
113 1105
113 1194
113 1216
113 1427
113 1779
113 2053
114 136
114 156
114 276
114 291
114 821
114 906
114 1158
114 1806
114 1998
115 210
115 325
115 362
115 462
115 479
115 502
115 570
115 612
115 613
115 646
115 653
115 1101
115 1115
115 1145
115 1443
115 1464
115 1505
115 1561
115 1723
115 1785
115 1899
115 2063
115 2481
116 165
116 171
116 348
116 360
116 425
116 477
116 498
116 658
116 747
116 754
116 819
116 874
116 990
116 1030
116 1208
116 1244
116 1276
116 1297
116 1702
116 1975
116 2278
116 2286
116 2395
117 170
117 172
117 193
117 196
117 255
117 496
117 693
117 1556
117 1603
117 1889
117 2297
117 2484
118 307
118 474
119 340
119 385
119 468
119 597
119 764
119 816
120 162
120 166
120 200
120 204
120 259
120 267
120 327
120 392
120 670
120 727
120 752
120 775
120 940
120 979
120 1176
120 1373
120 1555
120 1645
120 1719
120 1872
120 1894
120 1907
120 1946
120 1967
120 2251
120 2313
120 2435
120 2469
121 133
121 155
121 156
121 255
121 266
121 345
121 600
121 627
121 665
121 760
121 1277
121 1557
121 2350
121 2481
122 154
122 157
122 318
122 324
122 407
122 1196
122 1212
122 1264
122 1292
122 1494
122 1541
122 1584
122 1626
122 1839
122 2136
123 232
123 335
123 341
123 759
123 976
123 2209
123 2302
124 269
124 295
124 639
124 690
124 798
124 1004
124 1190
124 1332
124 1669
124 1681
124 1794
124 2291
125 237
125 312
125 413
125 443
125 849
125 1501
125 1723
125 1926
125 2242
125 2316
125 2338
126 143
126 1108
126 2182
127 165
127 170
127 190
127 195
127 214
127 269
127 337
127 343
127 470
127 519
127 889
127 921
127 945
127 962
127 965
127 1167
127 1760
127 1915
127 1973
127 2468
128 222
128 389
128 450
128 635
128 960
128 999
128 1184
128 1644
128 1794
129 141
129 179
129 240
129 706
129 762
129 1032
129 1093
129 1452
129 1574
129 2142
130 240
130 313
130 338
130 364
130 398
130 576
130 582
130 583
130 673
130 683
130 736
130 782
130 892
130 1015
130 1047
130 1452
130 1542
130 1724
130 2014
130 2115
130 2134
130 2268
131 313
131 1029
131 1532
131 1746
131 1777
131 2097
132 195
132 683
132 786
132 1161
132 1216
132 1226
132 1355
132 1510
132 1529
132 1530
132 1569
132 1705
132 2105
132 2106
132 2240
133 215
133 629
133 688
133 815
133 857
133 1211
133 1692
133 1963
133 2065
133 2140
133 2357
133 2430
134 155
134 187
134 265
134 275
134 743
134 807
134 959
134 996
134 1066
134 1271
134 1380
134 1960
134 1973
134 2181
134 2313
134 2347
135 245
135 289
135 342
135 555
135 949
135 1859
135 2009
136 145
136 205
136 218
136 358
136 433
136 439
136 475
136 560
136 719
136 818
136 1174
136 1586
136 2031
136 2135
137 207
137 211
137 277
137 328
137 551
137 589
137 607
137 652
137 763
137 1202
137 1470
137 1508
137 1656
137 2018
137 2290
137 2299
137 2422
137 2429
138 376
138 583
138 638
138 801
138 1063
138 1087
138 1151
138 1329
138 2356
139 151
139 172
139 332
139 404
139 468
139 656
139 691
139 1084
139 1095
139 1577
139 1818
139 1910
139 2144
139 2448
140 364
140 1089
141 682
141 1995
141 2427
142 199
142 235
142 299
142 339
142 419
142 584
142 591
142 637
142 711
142 761
142 1698
142 1786
142 2430
143 196
143 246
143 295
143 361
143 396
143 731
143 870
143 1048
143 1244
143 1766
143 1937
143 1983
144 472
144 1027
144 1367
144 1727
144 1730
145 333
145 403
145 659
145 1019
145 1467
145 1544
145 1592
145 1648
145 1905
145 2006
145 2201
145 2395
146 1501
146 1772
147 307
147 1371
148 197
148 292
148 373
148 1238
148 1761
149 215
149 377
149 410
149 528
149 641
149 723
149 1103
149 1150
149 1223
149 1875
149 2038
149 2217
150 156
150 197
150 310
150 347
150 362
150 1057
150 1122
150 1444
150 1838
150 1858
150 1934
150 1940
150 2142
151 168
151 192
151 246
151 383
151 482
151 483
151 513
151 545
151 639
151 655
151 716
151 806
151 813
151 907
151 913
151 1005
151 1220
151 1230
151 1304
151 1416
151 1486
151 1491
151 1513
151 2019
152 316
152 565
152 1593
153 356
153 514
153 650
153 1231
153 2137
153 2283
153 2297
153 2408
154 176
154 378
154 621
154 789
154 971
154 1856
154 2304
154 2311
155 189
155 604
155 623
155 625
155 707
155 715
155 921
155 1032
155 1074
155 1299
155 1654
155 1673
155 1874
155 2204
155 2389
156 167
156 254
156 792
156 935
156 2050
156 2380
157 170
157 210
157 215
157 232
157 249
157 262
157 272
157 281
157 297
157 327
157 368
157 387
157 538
157 645
157 709
157 732
157 756
157 766
157 768
157 946
157 966
157 1170
157 1425
157 1627
157 1700
157 1712
157 1773
157 1830
157 2371
158 652
158 663
158 796
158 975
158 1127
158 1380
158 1722
159 462
159 541
159 562
159 818
159 1169
159 1272
159 1429
159 1821
159 2004
160 443
160 1552
160 1647
160 1741
160 1901
161 244
161 401
161 856
161 924
161 988
161 992
161 1166
161 1523
162 203
162 358
162 483
162 561
162 773
162 1064
162 1218
162 1391
162 1647
162 2086
163 337
163 862
163 993
163 1098
163 1833
163 1903
164 199
164 305
164 326
164 515
164 807
164 1506
164 1854
164 1858
164 2045
165 198
165 400
165 992
165 1249
165 1632
165 2443
166 185
166 290
166 415
166 511
166 1309
166 1360
166 1515
166 1544
167 182
167 253
167 306
167 453
167 514
167 747
167 765
167 831
167 910
167 1067
167 1637
167 1699
167 1749
167 2375
167 2457
167 2473
167 2482
168 246
168 627
168 696
169 187
169 274
169 554
169 572
169 616
169 728
169 787
169 808
169 1946
170 241
170 367
170 1771
170 1866
170 2009
171 250
171 484
171 557
171 737
171 816
171 906
171 1007
171 1227
171 1297
171 1601
171 2025
171 2418
172 230
172 256
172 726
172 780
172 1041
172 1091
172 1277
172 1578
172 1591
172 1738
172 1812
173 424
173 846
173 907
173 1054
173 1228
173 1756
173 1777
173 2128
174 245
174 302
174 327
174 369
174 505
174 1043
174 1190
174 1285
174 1424
174 1887
174 1888
174 2154
174 2372
174 2479
175 258
175 346
175 619
175 804
175 1047
175 1349
175 1368
175 2222
176 455
176 457
176 798
176 1002
176 2011
176 2096
176 2248
176 2320
177 230
177 454
177 504
177 506
177 689
177 869
177 1011
177 1444
177 1467
177 1580
177 1595
177 1806
177 1966
177 1978
177 2136
177 2222
178 330
178 652
178 681
178 1065
178 1916
179 987
179 1003
179 1100
179 1165
179 1289
179 1577
180 201
180 247
180 265
180 304
180 359
180 547
180 680
180 995
180 1009
180 1064
180 1175
180 1328
180 1337
180 1383
180 1510
180 1576
180 1675
180 1694
180 2083
180 2108
180 2241
181 268
181 477
181 479
181 485
181 516
181 527
181 687
181 704
181 718
181 863
181 872
181 988
181 1012
181 1120
181 1374
181 1394
181 1484
181 1604
181 1882
181 2098
181 2114
182 362
182 396
182 429
182 486
182 553
182 689
182 1094
182 1187
182 1400
182 1798
182 1988
182 2400
183 390
183 438
183 528
183 563
183 672
183 946
183 974
184 235
184 423
184 493
184 767
184 972
184 1091
184 1108
184 1200
184 2223
184 2427
185 191
185 1126
185 1440
186 476
186 518
186 664
186 755
186 952
186 1149
186 1442
186 1544
186 2111
187 262
187 289
187 381
187 387
187 460
187 656
187 686
187 882
187 974
187 1028
187 1059
187 1078
187 1305
187 1336
187 1375
187 1404
187 1539
187 1549
187 1680
187 1701
187 1898
187 1950
187 1980
187 2091
187 2109
187 2113
187 2118
187 2193
187 2239
187 2306
187 2338
187 2391
187 2431
188 305
188 556
188 598
188 640
188 682
188 710
188 752
188 814
188 1157
188 1218
188 1337
188 1974
188 2125
188 2202
189 234
189 263
189 283
189 304
189 432
189 521
189 533
189 543
189 758
189 795
189 830
189 887
189 1058
189 1103
189 1110
189 1112
189 1132
189 1243
189 1274
189 1279
189 1494
189 1664
189 1725
189 2175
189 2201
190 191
190 217
190 239
190 241
190 251
190 433
190 484
190 490
190 560
190 582
190 660
190 835
190 1099
190 1389
190 1612
190 1653
190 1700
190 1980
190 2010
190 2346
190 2437
191 278
192 194
192 321
192 605
192 641
192 720
192 777
192 791
192 994
192 1596
192 2183
192 2471
193 317
193 533
193 1109
193 1229
193 1242
193 1819
194 273
194 667
194 704
194 1286
194 1464
194 1558
194 2125
195 715
195 948
195 1107
195 1852
196 217
196 231
196 519
196 938
196 1087
196 1291
196 1338
196 2406
196 2408
197 283
197 348
197 743
197 864
197 1424
197 1696
197 1974
197 2076
197 2101
198 233
198 302
198 401
198 529
198 571
198 925
198 1059
198 2206
198 2253
199 213
199 222
199 252
199 676
199 791
199 1060
199 1089
199 1244
199 1804
199 2307
199 2331
200 238
201 267
201 950
201 1367
202 284
202 334
202 454
202 773
202 835
202 1066
202 2362
203 514
203 524
203 588
203 2496
204 240
204 255
204 264
204 281
204 310
204 628
204 683
204 823
204 911
204 957
204 1025
204 1307
204 1550
204 1716
204 1907
204 2345
204 2472
205 213
205 331
205 416
205 430
205 448
205 557
205 564
205 579
205 586
205 612
205 691
205 786
205 1116
205 1643
205 1787
205 2470
205 2471
206 317
206 396
206 400
206 542
206 862
206 1936
206 2129
206 2359
206 2362
207 380
208 251
208 309
208 350
208 376
208 417
208 459
208 520
208 544
208 593
208 738
208 772
208 783
208 822
208 850
208 881
208 969
208 1038
208 1045
208 1079
208 1144
208 1188
208 1247
208 1339
208 1470
208 1596
208 1752
208 1900
208 2061
208 2268
208 2303
208 2311
209 277
209 317
209 675
209 922
209 996
209 1044
209 1138
209 1238
209 1617
209 2009
209 2055
209 2445
210 227
210 435
210 438
210 482
210 512
210 608
210 649
210 751
210 760
210 844
210 1001
210 1361
210 1447
210 1525
210 1613
210 1633
210 1922
210 1939
210 2148
210 2323
211 282
211 344
211 354
211 511
211 644
211 695
211 872
211 1328
211 1347
211 1405
211 2020
211 2100
212 257
212 366
212 442
212 1322
212 1944
212 2035
212 2455
213 340
213 409
213 422
213 521
213 544
213 608
213 619
213 680
213 753
213 774
213 880
213 950
213 957
213 962
213 1114
213 1185
213 1217
213 1263
213 1301
213 1398
213 1419
213 1694
213 1797
213 1844
213 2057
213 2065
213 2335
213 2351
214 270
214 354
214 360
214 1769
214 1839
214 2109
215 1044
215 1116
215 1261
215 2281
215 2315
215 2465
216 252
216 259
216 260
216 288
216 395
216 418
216 458
216 630
216 720
216 857
216 932
216 939
216 951
216 956
216 1253
216 1458
216 1512
216 1692
216 1754
216 1870
216 2197
216 2362
216 2497
217 1082
217 1198
217 1407
217 1724
217 1971
218 253
218 274
218 299
218 375
218 398
218 471
218 472
218 480
218 1060
218 1076
218 1092
218 1166
218 1242
218 1331
218 1833
218 1998
218 2136
218 2355
219 258
219 501
219 507
219 606
219 1138
219 1263
219 1266
219 1686
219 2475
220 243
220 301
220 355
220 652
220 714
220 1249
220 1604
220 1762
221 234
221 309
221 324
221 602
221 653
221 1043
221 1132
221 1324
221 1445
221 1465
221 1524
221 1611
221 1684
221 1705
221 1762
221 1868
221 1947
221 2305
222 375
222 602
222 776
222 931
222 1023
222 1139
222 1778
222 1824
222 1972
222 2147
222 2312
222 2342
222 2485
223 322
223 426
223 438
223 530
223 536
223 649
223 1220
223 1353
223 1432
223 1685
223 1837
223 1841
223 1883
223 1943
223 2059
223 2484
224 286
224 549
224 789
224 844
224 1225
224 1757
224 2442
225 416
225 419
225 545
225 855
225 1067
225 1099
225 1154
225 1439
225 1674
225 1856
225 1871
225 1952
225 2047
225 2499
226 244
226 449
226 503
226 507
226 551
226 603
226 606
226 708
226 797
226 899
226 991
226 1083
226 1462
226 1529
226 1652
226 1727
226 2232
227 428
227 540
227 620
227 672
227 772
227 841
227 842
227 1293
227 1503
227 1726
228 249
228 284
228 285
228 452
228 1436
228 1930
229 508
229 533
229 565
229 902
229 965
229 1516
229 1643
229 1662
229 1671
229 1674
229 1763
229 2072
229 2158
229 2255
230 355
230 382
230 487
230 522
230 732
230 806
230 815
230 827
230 969
230 1134
230 1152
230 1915
230 1986
230 2117
230 2364
231 1350
231 1713
232 384
232 465
232 1347
232 1802
232 2149
232 2162
233 261
233 566
233 676
233 836
233 869
233 940
233 1117
233 1490
233 1677
233 2268
234 328
234 476
234 611
234 820
234 1366
234 1551
234 2426
235 767
235 768
235 903
235 958
235 982
235 1111
235 1434
235 2215
236 279
236 290
236 385
236 450
236 660
236 703
236 945
237 279
237 337
237 423
237 595
237 598
237 719
237 1160
237 1846
237 1878
237 1896
238 288
238 356
238 456
238 544
238 577
238 876
238 1033
238 1154
238 1912
238 1936
238 1998
238 2123
238 2187
239 571
239 1199
239 1413
239 1558
239 1780
239 2026
239 2283
240 251
240 427
240 603
240 608
240 626
240 782
240 993
240 1028
240 1252
240 2416
240 2439
241 349
241 383
241 496
241 614
241 734
241 790
241 793
241 1027
241 1098
241 1119
241 1180
241 1245
241 1331
241 1729
241 1956
241 2119
242 1612
242 1770
243 548
243 1050
243 1538
243 1921
244 259
244 596
244 1201
244 1629
244 1680
244 2218
244 2282
245 341
245 348
245 705
245 1707
245 1773
245 2053
246 302
246 340
246 393
246 428
246 563
246 679
246 969
246 1139
246 1172
246 1232
247 345
247 526
247 542
247 809
247 1323
247 1961
247 2156
248 377
248 390
248 877
248 1262
248 2253
249 390
249 429
249 495
249 556
249 661
249 933
249 978
249 981
249 1124
249 1125
249 1850
249 2122
250 284
250 344
250 371
250 1597
250 1741
250 1840
250 2387
251 298
251 827
251 868
251 1547
251 1710
251 1993
253 291
253 295
253 357
253 613
253 617
253 623
253 646
253 698
253 1125
253 1188
253 1378
253 1534
253 1773
253 2264
254 364
254 460
254 476
254 503
254 600
254 770
254 782
254 852
254 895
254 930
254 950
254 1342
254 1748
254 1812
254 1899
254 2459
255 431
255 847
255 1144
255 1280
255 1436
255 1583
255 1624
255 1676
255 1932
255 2039
256 910
256 1276
256 1427
256 1480
257 478
257 751
257 785
257 870
257 937
257 997
257 1665
257 1985
257 2203
257 2418
258 922
258 1086
259 330
259 346
259 377
259 383
259 391
259 569
259 609
259 739
259 1015
259 1016
259 1114
259 1215
259 1273
259 2208
259 2419
260 623
260 1928
260 2204
261 285
261 347
261 351
261 548
261 556
261 569
261 1405
261 1496
261 2254
262 292
262 311
262 483
262 1610
262 2116
262 2423
263 340
263 394
263 1410
263 1460
263 1486
263 1599
263 1701
264 285
264 683
264 733
264 874
264 904
264 938
264 963
264 1823
264 1891
264 2231
264 2410
265 274
265 288
265 316
265 370
265 466
265 574
265 648
265 917
265 959
265 1114
265 1409
265 1419
265 1572
265 2016
265 2187
265 2427
266 291
266 365
266 478
266 979
267 1184
267 1332
267 1750
267 2151
268 688
268 786
268 1069
268 2155
269 359
269 391
269 399
269 464
269 479
269 497
269 555
269 602
269 829
269 1303
269 1466
269 1620
269 1652
269 1728
269 1778
269 1888
269 2329
269 2350
270 788
270 1386
270 1503
270 1546
270 1617
270 1751
270 1764
270 2002
270 2439
271 480
271 891
271 898
271 1118
271 1395
272 283
272 520
272 745
272 1320
272 1896
273 280
273 321
273 1149
273 1270
273 1284
273 1335
273 1952
273 2257
273 2379
274 490
274 631
274 817
274 908
274 922
274 933
274 1083
274 1411
274 1507
274 1863
274 2259
274 2432
274 2450
275 1024
275 1053
276 437
276 441
276 2101
276 2201
277 364
277 381
277 470
277 761
277 1350
277 1519
277 1547
277 1570
278 307
278 310
278 743
278 1086
278 1234
279 440
279 574
279 684
279 1077
279 1147
279 1260
279 1321
279 2263
280 1365
281 339
281 543
281 2217
282 329
282 1207
282 1241
282 1412
282 1531
282 1559
282 1906
282 2196
282 2369
282 2475
283 500
283 759
283 1321
283 2331
284 546
284 684
284 830
284 1110
284 1120
284 1242
284 1392
284 1408
284 1620
284 1772
284 1849
284 2035
284 2098
284 2099
284 2469
285 289
285 312
285 624
285 706
285 1277
285 1636
285 1834
285 1838
285 1933
285 2013
285 2170
285 2382
286 316
286 367
286 409
286 434
286 474
286 509
286 670
286 701
286 754
286 1127
286 1431
286 1472
286 2072
286 2247
287 326
287 793
287 919
287 928
287 1696
287 1950
288 336
288 621
288 1200
288 1254
288 1524
288 2326
289 539
289 576
289 668
289 715
289 790
289 1754
289 1983
289 2197
290 569
290 578
290 964
290 1969
291 450
291 491
291 591
291 636
291 1293
291 1380
291 2237
291 2387
292 512
292 662
292 847
292 848
292 1077
292 1099
292 1259
292 1589
292 1756
292 2281
293 747
293 1081
293 1867
293 2007
294 594
294 714
294 799
294 821
294 854
294 859
294 960
294 1021
294 1085
294 1576
294 1902
294 1940
295 300
295 301
295 361
295 379
295 400
295 445
295 472
295 520
295 551
295 587
295 635
295 1077
295 1182
295 1301
295 1320
295 1490
295 1573
295 1758
295 1811
295 1837
295 1948
295 1964
295 2001
295 2084
295 2162
295 2344
296 1295
296 2090
297 1121
297 1416
297 2260
298 705
298 828
298 1225
298 2342
298 2455
298 2457
299 556
299 748
299 1193
299 1514
299 1885
299 2128
299 2205
299 2233
300 313
300 488
300 699
300 779
300 916
300 1822
300 2472
301 374
301 500
301 712
301 915
302 374
302 716
302 884
302 1135
302 1222
302 1480
302 1482
302 1519
302 1530
302 1608
302 2431
302 2483
303 379
303 414
303 540
303 887
303 1088
303 1391
303 1428
303 1625
303 2221
303 2399
304 306
304 382
304 414
304 634
304 1201
304 2458
305 452
305 630
305 749
305 915
305 1101
305 1467
305 1651
305 1833
305 1886
305 2176
305 2406
306 1017
306 1179
306 1417
306 2084
306 2155
307 618
307 661
307 895
307 1420
307 1479
307 2196
307 2277
307 2476
308 601
308 1452
309 325
309 358
309 927
309 1264
309 1787
309 1790
309 1898
309 2159
309 2233
309 2307
309 2385
310 671
310 811
310 1272
310 1396
310 1414
310 1437
310 1958
311 1538
312 573
313 372
313 546
313 679
313 820
313 1020
313 1063
313 1246
313 1278
313 1668
313 1897
313 2048
313 2367
314 323
314 352
314 427
314 629
314 847
314 884
314 1042
314 1426
314 1475
314 1481
314 2056
314 2189
315 403
315 2096
316 437
316 494
316 521
316 588
316 706
316 867
316 884
316 1423
316 1472
316 1759
316 1927
316 1976
316 2168
316 2293
316 2348
317 401
317 423
317 541
317 611
317 617
317 1048
317 1149
317 1164
317 1377
317 1550
317 1552
317 1616
317 2025
318 445
318 532
318 1146
318 1384
318 2466
319 931
319 1401
320 511
320 616
320 648
320 700
320 856
320 958
320 1066
320 1092
320 1395
320 1703
320 1957
320 2150
320 2179
320 2413
320 2416
321 1132
322 330
322 386
322 404
322 1329
322 1758
322 1902
323 491
323 819
323 936
323 1006
323 1780
323 1840
324 610
324 697
324 792
324 1176
324 1263
324 1631
324 2047
324 2165
325 856
325 1710
326 586
326 594
326 1151
326 1364
326 1515
326 1524
326 1649
326 1686
326 1769
326 1857
326 1860
326 2176
327 487
327 1013
327 1030
327 2180
327 2280
328 501
328 811
328 1313
328 1324
328 1393
328 1885
328 2138
328 2166
329 370
329 404
329 492
329 559
329 567
329 744
329 843
329 861
329 1105
329 1110
329 1127
329 1238
329 1821
329 2178
329 2182
329 2444
329 2489
330 507
330 596
330 1122
330 1322
330 1331
330 1391
330 1650
331 373
331 1134
331 1846
332 454
332 605
332 716
332 914
332 1036
332 1136
332 1177
332 1825
332 2234
333 361
333 517
333 774
333 801
333 1051
333 1330
333 1482
333 1655
333 1925
333 2122
333 2205
333 2367
334 659
334 1244
334 1494
334 1629
334 1832
334 1954
334 2016
335 1245
335 1880
335 2310
336 1058
336 2398
337 456
337 737
337 1387
337 1672
337 1740
337 2186
337 2313
338 352
338 762
338 848
338 1115
338 1207
338 1209
338 1256
338 1817
338 1911
338 2025
338 2102
338 2257
339 456
339 531
339 953
339 1234
339 2033
340 431
340 477
340 1034
340 1100
340 1113
340 1214
340 1309
340 1568
340 2320
341 400
341 424
341 677
341 1265
341 1426
341 1514
341 1815
341 2360
342 388
342 736
342 987
343 1072
343 1078
343 2264
343 2325
343 2404
344 713
344 1013
344 2091
345 839
345 1144
345 1843
346 741
346 797
346 1487
346 2005
347 581
347 665
347 1384
349 420
349 519
349 558
349 1009
349 1056
349 1187
349 1232
349 1249
349 1254
349 1460
349 1482
349 1983
349 2055
349 2168
350 2000
350 2318
351 366
351 425
351 449
351 495
351 523
351 584
351 716
351 717
351 768
351 905
351 1031
351 1080
351 1579
351 1745
351 1814
351 2168
351 2230
351 2487
352 411
352 471
352 826
352 1143
352 1189
352 1236
352 1509
352 1612
352 1737
352 1782
352 2171
352 2371
353 570
353 690
353 824
353 928
353 1049
353 1347
353 1546
353 1554
353 2251
353 2312
354 478
354 929
354 1120
354 1271
354 1924
354 1946
354 2211
355 387
355 516
355 976
355 980
355 1163
355 1195
355 1365
355 1508
355 1942
356 453
356 582
356 802
356 1123
356 1910
357 363
357 984
357 1636
357 2020
358 453
358 492
358 1276
358 1614
358 1828
359 635
359 670
359 726
359 898
359 932
359 1507
359 1767
359 2021
360 2436
361 666
361 2021
362 1150
362 1627
363 481
363 581
363 708
363 731
363 890
363 1010
363 1222
363 1285
363 1442
363 2290
364 444
364 609
364 750
364 1402
364 1757
365 384
365 389
365 473
365 522
365 1193
365 1742
365 2485
366 510
366 523
366 724
366 979
366 989
366 1104
366 2093
367 1786
367 2500
368 499
368 728
368 1027
368 1777
368 1865
368 2007
368 2126
368 2208
368 2384
368 2457
368 2462
369 627
369 696
369 725
369 756
369 953
369 1203
369 1468
369 1836
369 2124
369 2213
370 1520
370 1764
370 2271
371 434
371 802
371 1079
371 1255
371 1390
371 1697
371 1698
371 2348
372 866
372 1236
373 724
373 756
373 1028
373 1122
373 1294
373 1451
373 2058
373 2078
373 2097
374 1872
376 377
376 381
376 505
376 1082
377 777
377 1092
377 1402
378 1810
379 662
379 779
379 863
379 2089
379 2103
379 2282
379 2312
380 740
380 785
380 967
380 1792
380 2129
381 486
381 695
381 829
381 862
381 886
381 1026
381 1198
381 1201
381 1675
381 2292
382 391
382 1512
382 1973
383 506
383 1051
383 1069
383 1471
383 2056
383 2179
384 399
384 560
384 985
384 1487
384 2061
385 405
385 590
385 699
385 748
385 883
385 1112
385 1143
385 1251
385 1298
385 1343
385 1616
385 1742
385 1811
385 2078
385 2107
385 2478
386 417
386 565
386 596
386 2152
387 463
387 470
387 531
387 541
387 646
387 1051
387 1540
387 1607
387 2229
387 2436
388 1810
389 861
389 884
390 978
390 1997
390 2038
390 2358
391 638
391 653
391 685
391 708
391 858
391 1108
391 1645
391 2190
391 2487
392 566
392 575
392 923
392 1084
392 1459
392 1505
392 1551
392 1556
392 1678
392 1917
392 1928
392 2261
392 2386
393 1297
393 2281
394 762
394 763
394 821
394 1044
394 1170
394 1223
394 1768
394 2489
395 686
395 1796
395 2028
395 2060
396 486
396 581
396 696
396 898
396 1133
396 1499
396 1735
396 1977
397 666
397 739
397 1059
397 1185
397 1421
397 1607
397 2270
397 2398
398 421
398 700
398 1210
398 1326
398 1884
398 2425
399 513
399 536
399 574
399 741
399 1155
399 1666
399 1875
399 2031
399 2049
399 2061
400 402
400 771
400 1469
400 1631
400 1632
400 1887
401 459
401 699
401 762
401 897
401 1168
401 1508
401 2233
401 2317
402 620
403 624
403 900
403 1906
403 2348
404 897
404 1911
404 2292
404 2447
405 424
405 617
405 670
405 729
405 1199
405 1402
405 1689
405 1783
405 2203
406 831
406 837
406 930
406 986
406 1115
406 1157
406 1255
406 1673
406 1837
406 2143
407 1082
408 430
408 536
408 557
408 909
408 1084
408 1192
408 1260
408 1476
408 1493
408 1775
408 1858
408 2243
409 1390
410 561
410 781
410 944
410 995
410 1036
410 1491
410 1785
410 1909
411 598
411 732
411 1256
411 1382
411 1402
411 1465
411 1840
412 446
412 585
412 837
412 1031
412 1115
412 1213
412 1311
412 1492
412 1868
412 1955
412 2262
412 2412
413 842
413 1267
413 1696
413 2444
414 1043
414 1493
414 1571
414 1771
414 1789
414 1827
414 1901
414 2438
415 537
415 1316
415 1461
415 1731
415 1877
415 2188
415 2352
416 2014
417 1094
417 1697
417 1914
417 2226
417 2235
418 1180
418 1567
419 611
419 1356
419 2068
420 529
420 1240
420 1608
420 1639
420 1790
420 1836
420 2042
420 2319
421 2314
421 2397
422 523
422 1234
422 1568
422 1659
422 1990
423 1581
424 658
424 1490
424 1693
424 2226
424 2284
424 2441
425 571
425 1613
425 1823
425 2072
426 538
426 784
426 805
426 973
426 1561
426 1572
426 1712
426 2485
427 818
427 876
427 1254
427 1314
427 1507
427 1633
427 1654
427 1711
427 2453
428 615
428 847
428 1097
428 1570
428 1662
429 888
429 898
429 1270
429 1896
429 2432
430 1054
430 1285
430 1340
431 547
431 717
431 954
431 958
431 1118
432 443
432 568
432 585
432 1034
432 2274
432 2397
433 497
433 697
433 752
433 767
433 1502
433 1535
433 1717
433 2330
433 2468
434 466
434 872
434 885
434 1183
434 1398
435 595
435 1014
435 1284
436 794
436 1572
437 459
437 727
437 972
437 2231
438 905
438 1545
439 945
439 1077
439 1311
440 717
440 1288
440 1608
440 1711
441 1619
441 1735
441 1898
441 2115
442 444
442 537
442 1000
442 1708
443 575
443 821
443 857
443 2083
443 2295
444 567
444 599
444 767
444 824
444 990
444 1082
444 1123
444 1124
444 1173
444 1459
444 1528
444 1531
444 1704
444 1826
444 2124
444 2133
444 2403
445 463
445 550
445 1441
445 1617
445 1959
445 1977
446 505
446 712
446 791
446 1204
446 1513
447 459
447 665
447 682
447 742
447 780
447 834
447 946
447 1212
447 1661
447 1855
447 2039
447 2139
448 963
448 1097
448 1664
448 2036
448 2101
448 2178
448 2201
448 2236
448 2384
449 536
449 675
449 1104
449 1216
449 1948
449 2141
450 546
450 778
450 844
450 931
450 1143
450 1159
450 1172
450 1951
450 2028
450 2383
450 2401
451 564
451 1557
451 1927
451 2157
452 482
452 692
452 741
452 754
452 766
452 1009
452 1632
452 1681
452 2344
452 2455
454 455
454 538
454 1054
454 1055
454 1473
454 1783
454 1944
455 648
455 920
456 1873
456 2155
456 2477
457 1310
458 460
458 462
458 764
458 904
458 1176
458 1209
458 2238
458 2317
459 1258
459 1422
459 2079
459 2333
460 2353
461 468
461 503
461 1033
461 1063
461 1172
461 1493
461 1966
461 2081
461 2082
463 679
463 749
463 769
463 2034
463 2097
463 2323
463 2466
464 2344
464 2456
465 1889
465 1931
465 2394
466 1020
466 1410
466 1940
467 552
468 579
468 1378
468 1508
468 1556
469 690
469 704
469 879
469 1386
469 2193
470 1443
470 1748
471 493
471 812
471 885
471 977
471 1129
471 1728
471 1734
471 1939
471 2220
472 1180
472 2468
473 522
473 734
473 805
473 843
473 1037
473 1497
473 1575
473 1695
474 723
474 775
474 1030
474 1164
474 1594
475 712
475 891
476 525
476 615
476 1078
476 1513
477 1029
477 1070
477 2438
478 1258
478 1758
479 484
479 504
479 541
479 550
479 603
479 644
479 685
479 692
479 833
479 1088
479 1130
479 1849
479 1931
479 2141
480 588
480 805
480 951
480 1305
480 1374
482 508
482 1162
482 1485
482 1588
482 1589
482 1938
482 2104
483 849
483 882
483 1046
483 1096
483 1101
483 1366
483 1554
483 2053
484 971
484 1156
484 1342
484 1569
484 2010
484 2122
484 2458
485 678
485 694
485 1132
485 2135
486 632
486 714
486 789
486 891
486 1003
486 1098
486 1430
486 1553
486 1635
486 1723
486 1953
486 2241
487 723
487 751
487 1483
487 2278
488 1617
488 2273
489 786
489 870
489 1625
490 1706
490 2191
492 518
492 796
492 929
492 1248
492 2231
492 2252
493 544
493 664
493 875
493 1073
493 1131
493 1162
493 1571
493 1658
493 1773
493 1869
493 2087
494 620
494 1210
494 1851
494 2243
494 2295
495 997
495 1498
495 1834
495 2130
495 2153
496 876
496 1473
496 1815
496 1956
497 865
497 1423
497 1524
497 1734
497 2161
497 2206
497 2476
498 883
498 992
498 1001
498 1161
498 1450
498 1587
499 534
499 901
499 1386
499 1743
499 2314
500 1036
500 1653
500 1685
500 1764
501 1517
501 1536
501 2314
502 1483
503 1141
503 2415
503 2420
504 576
504 1654
505 842
505 1137
505 2010
505 2191
505 2287
506 1271
506 1658
506 1841
507 554
507 604
507 1133
507 1655
507 1947
507 2204
508 677
508 880
508 935
508 1248
508 1277
508 2098
509 510
509 538
509 592
509 1095
509 1603
509 1618
509 1929
509 2140
509 2384
509 2392
510 526
510 625
510 811
510 1392
510 1758
510 2214
510 2254
510 2296
510 2350
511 628
511 808
511 2051
511 2183
512 788
512 927
512 1042
512 1093
512 1158
512 1260
512 1262
512 1827
513 2466
514 590
514 1148
514 1517
514 2179
514 2488
516 1549
516 1947
517 942
517 1043
517 1164
517 1666
517 2181
518 537
518 559
518 921
518 1227
518 1531
518 1665
518 1772
519 803
519 1663
519 2374
520 698
520 1800
520 1965
521 603
521 798
521 867
521 1025
521 1287
521 2074
521 2478
522 594
522 604
522 654
522 900
522 1021
522 1026
522 1053
522 1197
522 1421
522 1465
522 1832
522 1963
523 855
523 965
523 991
523 1393
524 571
524 1337
524 1737
525 636
525 1952
525 1978
525 2093
526 679
526 1369
526 2003
526 2009
526 2383
527 727
527 749
527 827
527 888
527 894
527 1007
527 1288
527 1594
527 1847
527 1980
527 2024
527 2058
527 2161
527 2311
528 678
528 822
529 2060
529 2258
530 601
530 776
530 1155
530 1318
530 1343
530 1623
530 2175
530 2189
531 897
531 1344
531 1926
532 539
532 655
532 993
532 1163
532 1177
532 1590
532 1599
532 1611
532 2111
532 2474
533 692
533 1330
533 1577
533 1782
533 2183
534 927
534 1106
534 2054
535 644
535 1592
536 1156
536 1472
536 2362
537 806
537 1100
537 1219
537 1688
537 1921
538 550
538 573
538 893
538 1046
538 2043
539 583
539 750
539 754
539 877
539 1235
539 1352
539 1469
539 1590
539 1708
539 1715
539 2071
539 2195
539 2490
540 770
540 1042
540 1128
540 1181
540 1715
540 1784
540 2040
541 769
541 1406
544 572
544 1606
544 1856
545 695
545 970
545 1334
545 1362
545 1652
545 1791
545 2224
546 760
546 812
546 1094
546 1136
546 1166
546 1191
546 1210
546 1576
546 1593
546 1826
546 1971
547 583
547 744
548 721
548 918
548 1068
548 2316
549 736
550 720
550 932
550 948
550 1334
550 1533
550 1656
550 1657
551 830
551 994
551 1174
551 1430
551 1618
551 2041
552 584
552 609
552 624
552 1324
552 1818
552 2047
552 2132
552 2232
552 2495
553 610
553 707
553 734
553 834
553 1182
553 1219
554 614
554 666
554 1188
555 739
555 1204
555 1605
555 1627
555 2467
556 559
556 618
556 689
556 758
556 1445
556 2302
557 906
557 955
557 998
557 1109
557 1339
557 1573
557 1992
558 775
558 855
558 933
558 942
558 991
558 1162
558 1217
558 1380
558 1458
558 1651
558 2192
559 891
559 926
559 1233
559 1526
559 1656
560 765
560 825
560 829
560 832
560 883
560 1312
561 580
561 660
561 1274
561 1842
561 2453
562 774
562 1060
562 1062
562 1385
562 2219
563 568
563 1003
563 1153
564 897
564 1239
564 1307
564 2260
564 2339
565 566
565 615
565 627
565 657
565 835
565 1045
565 1883
565 2021
566 589
566 1165
566 1228
566 1587
567 934
567 961
567 1024
567 1323
567 1376
569 685
569 1046
570 573
570 1462
570 1540
570 1917
571 738
571 1010
571 1150
571 1351
571 1417
571 1846
571 2049
571 2401
572 1213
572 1318
572 1739
572 1852
573 1401
574 642
574 1093
576 824
576 1473
577 2033
577 2213
578 669
578 702
578 942
578 1069
578 1662
578 1708
579 590
579 595
579 699
579 737
579 895
579 944
579 1374
579 2428
580 674
580 843
580 1005
580 1582
580 1774
580 2085
581 1140
581 2304
582 585
582 654
582 1172
582 2015
582 2190
583 745
583 1023
583 1167
583 1676
583 1804
583 2109
583 2150
583 2318
584 640
584 926
584 1381
584 1738
584 2250
584 2258
584 2437
585 621
585 1386
585 1509
586 606
586 1266
586 1353
586 1368
586 1704
586 1874
586 2146
586 2309
587 738
587 1261
587 1327
587 1527
587 1930
588 783
588 791
588 935
588 939
588 1219
588 1252
588 2348
589 741
589 899
589 1292
590 714
590 1448
590 1931
590 2254
591 1716
591 2015
592 1062
592 1080
592 1397
592 1566
592 1588
592 1623
592 1830
592 2251
592 2499
593 612
593 964
593 1710
594 1963
594 2107
594 2293
595 802
595 1378
595 1626
595 1847
595 2174
595 2411
596 903
596 1484
597 631
597 851
597 1097
597 1972
598 1154
599 2250
600 698
600 888
600 941
600 985
600 1052
600 1214
600 1257
600 1362
600 1468
600 1804
600 1841
600 1924
600 1929
600 1946
600 1986
600 2086
600 2366
600 2441
601 619
601 1093
601 1740
601 2343
602 604
602 742
602 1189
602 1630
603 613
603 809
603 1222
603 1364
603 1506
603 2269
604 852
604 1000
604 1181
605 784
605 999
605 1221
605 1658
606 634
606 667
606 1360
606 1453
606 1540
606 2298
606 2360
607 771
607 787
607 793
607 798
607 810
607 1014
607 1736
607 2237
608 1327
608 2121
609 1598
609 1638
609 1748
609 2014
609 2300
609 2489
610 678
610 938
610 940
610 1237
610 2177
611 924
611 1075
611 1079
611 1142
611 1281
611 1379
611 1641
611 1683
611 2199
612 823
612 1052
612 1276
613 690
613 1474
613 1969
614 1360
614 1450
614 1609
614 2131
616 878
617 809
617 886
617 1107
617 1187
617 1637
617 1719
618 1005
618 1116
618 1139
618 1537
618 1805
619 1569
619 2433
620 1692
620 1955
621 622
621 878
622 706
622 934
622 958
622 1032
622 1935
622 2154
623 637
623 1592
623 1652
623 1797
624 912
624 994
624 1141
624 1196
624 1198
624 1209
624 1346
624 1434
624 1876
624 1948
624 2315
624 2486
625 2462
626 2424
627 654
627 702
627 1088
627 1128
627 1426
627 1631
627 1883
627 2161
627 2285
627 2417
627 2474
628 1245
628 1876
628 2325
629 685
629 941
629 1070
629 1251
629 1605
630 1057
630 1083
630 1714
630 1819
631 649
631 1345
631 1880
633 1089
633 1379
633 1799
633 1859
633 2099
634 657
634 1478
634 2037
635 641
635 1021
635 1370
635 2163
636 816
636 1291
637 707
637 961
638 702
638 875
638 966
638 1236
639 840
639 1892
639 1960
640 1002
640 1485
640 1554
640 1688
640 1732
641 827
641 851
641 888
642 757
642 1236
643 771
643 959
643 1161
643 1173
643 1255
643 1634
643 2286
643 2337
644 1075
644 1921
645 711
645 1349
645 1423
645 1755
645 1920
646 730
647 1235
647 1438
647 1871
647 2069
649 730
649 1008
649 1049
649 1514
649 1666
650 801
650 812
650 881
650 1031
650 1095
650 1121
650 1687
650 2240
651 1321
651 1683
652 1174
652 1282
652 1342
652 2393
653 869
653 1107
653 1428
653 1542
653 2052
654 1704
654 1991
654 2456
655 725
655 2206
655 2263
656 1125
656 1279
656 1707
657 692
657 1762
658 773
658 1513
658 1535
658 1629
658 1739
658 1895
658 2099
658 2473
659 1345
659 1647
660 830
660 894
660 1064
660 1391
660 1869
660 2148
660 2330
660 2347
661 869
661 977
661 1126
661 1853
661 1890
662 1606
663 793
664 674
664 788
664 1204
664 1537
664 1760
664 1808
664 2039
665 1070
666 1009
666 1971
667 733
667 968
667 1425
667 1912
668 1071
668 1178
668 1284
669 721
669 990
669 1181
669 1441
669 1456
669 1457
669 1755
669 2050
669 2252
670 1192
670 1383
670 1511
670 1694
670 1731
670 1878
670 1893
670 2119
670 2139
670 2382
671 675
671 2245
672 1433
672 2223
673 680
673 925
673 980
673 1123
673 1148
673 2266
674 695
674 2026
675 781
675 840
675 861
675 943
675 1037
675 1436
675 1477
675 1678
675 1877
675 2118
675 2285
676 728
676 744
676 771
676 825
676 1389
676 1449
676 2057
676 2363
677 1098
677 2202
678 713
678 1600
679 1269
679 1516
679 1991
679 2339
680 955
681 800
681 1175
681 1239
681 1283
681 1489
681 1924
681 1996
681 2275
682 1371
683 1104
683 2371
683 2493
684 926
684 1421
684 2251
685 948
685 1410
685 1942
686 750
686 988
686 1950
686 2063
686 2394
687 828
688 749
688 1549
689 1336
689 2189
689 2268
690 853
691 788
691 1045
691 1348
691 1442
691 1548
691 1778
691 2062
691 2289
691 2367
692 1867
693 1395
693 1858
693 2100
695 2137
696 881
696 896
696 920
696 1017
696 1147
696 1708
696 1801
696 2170
697 779
697 1510
697 1527
697 2335
698 943
698 1067
698 1665
700 1165
700 1331
700 1453
700 1751
701 705
701 731
701 746
701 1117
701 1140
701 1281
701 1821
701 2377
701 2391
702 1071
702 1299
702 1437
702 2334
703 837
703 1567
703 1994
703 2167
703 2175
703 2355
703 2461
704 981
705 2255
705 2421
706 952
706 1029
706 1646
707 724
707 1774
708 1025
709 871
709 908
709 1180
709 1793
709 1883
710 721
710 769
710 848
710 852
710 868
710 886
710 904
710 1525
711 849
711 1447
711 2069
712 866
712 1058
712 1197
712 1288
712 1784
712 1949
712 2462
713 1301
713 1904
714 1819
714 1935
714 2172
714 2366
715 967
715 1333
715 2043
715 2202
716 1229
717 1195
717 1289
717 2112
719 1159
719 1400
719 1586
719 1597
719 2000
719 2046
721 759
721 1356
721 1725
722 980
722 1333
722 1387
722 1499
722 1740
722 2172
722 2194
722 2209
722 2480
723 902
723 1221
723 2184
724 1202
724 1525
724 2336
725 963
725 1247
726 912
726 1186
726 1525
727 2401
728 747
728 1045
728 2012
728 2253
729 799
729 804
729 858
729 1463
729 1503
730 1148
730 1257
730 1438
730 1495
730 1544
730 1789
730 1942
730 2055
730 2275
731 810
731 1433
731 1793
731 2064
731 2269
731 2368
732 746
732 1556
732 1879
732 2085
733 1870
733 1995
734 800
734 803
734 1226
734 1363
734 2032
734 2498
735 1107
735 1152
735 1222
735 1313
735 2186
736 1422
736 1759
737 1076
737 1165
737 1434
737 1725
737 1892
738 1321
738 1341
738 1816
738 2376
739 886
739 1168
739 1178
739 1908
739 2210
741 1938
741 2087
741 2463
743 2079
744 758
744 763
744 930
744 1626
744 1722
744 1749
744 2209
744 2326
744 2435
745 1370
746 864
746 937
746 1315
747 1320
747 1622
748 1346
749 1453
749 1545
749 1882
750 1268
750 1691
751 968
751 1475
751 1528
751 2073
752 1948
752 2194
753 1247
753 1310
753 1418
753 1493
753 1557
754 1250
754 1459
754 2216
754 2258
754 2490
755 1348
755 1848
755 2021
756 940
756 1006
756 1679
756 1711
756 2386
757 1943
757 2082
758 841
758 1147
758 2228
759 1061
759 1096
760 968
760 2171
762 850
762 889
763 955
763 1283
763 1306
763 1333
763 1567
763 2008
763 2118
763 2291
763 2429
764 894
764 919
764 923
764 1441
764 1578
764 1701
764 1865
764 1962
764 2341
764 2389
765 946
765 1355
765 1501
766 787
766 943
766 1163
766 1300
767 944
767 1212
768 1903
769 1506
770 1366
770 1866
771 828
771 1458
772 1352
773 964
773 1053
773 1061
773 1137
773 1372
773 1522
773 1612
773 1951
773 2036
773 2329
774 1714
774 1842
774 1892
774 2498
775 810
776 996
776 1099
776 1803
776 2002
778 896
778 1060
778 1068
778 1106
778 1176
778 1718
778 2188
779 858
779 1273
779 1348
779 1594
779 1850
779 1888
779 2023
779 2124
779 2395
779 2459
780 2107
781 1641
781 1698
781 1865
781 2494
782 879
782 1085
782 1567
782 1746
782 1924
783 931
783 1910
783 1966
786 874
786 1316
787 1117
788 1076
788 1306
788 1578
789 1156
789 1540
789 1546
789 2418
790 1614
791 835
791 839
791 1183
791 1334
791 1442
791 1918
791 2075
791 2100
792 1039
792 1040
792 1290
792 1588
792 1878
792 1879
793 1789
794 2164
795 825
795 860
795 1018
795 1227
795 1667
797 1013
799 893
799 978
799 1094
799 2077
799 2352
800 1252
800 2073
801 1744
802 1430
802 1959
803 1026
803 1422
803 1542
804 890
804 970
804 1496
804 2374
805 973
805 2095
806 1238
806 1337
806 1516
807 2403
808 1035
808 1268
808 1446
808 2030
809 1138
809 1262
809 1349
809 1553
809 1595
810 1073
810 1134
810 1206
810 1809
811 911
811 1171
811 1526
811 1797
812 1068
812 2355
813 1278
813 2109
814 833
814 1319
814 1369
814 1496
814 2438
815 1820
816 1455
817 1373
817 1464
817 1631
817 1660
817 1877
817 2297
818 831
818 838
818 967
818 1788
818 2390
819 909
819 1048
820 1231
820 1709
821 1322
821 1409
821 1536
821 1870
821 2086
822 1450
822 2378
823 1001
823 1143
823 1925
824 1183
824 1399
824 1920
825 2007
825 2113
826 2482
827 1042
827 1284
827 1659
828 1563
828 1900
828 2220
828 2235
828 2393
829 1257
829 1358
829 1781
829 2054
830 914
831 900
831 1637
831 1780
832 1063
832 1505
833 1432
834 1520
835 947
835 1418
835 1499
835 1894
835 2095
836 1333
836 1363
836 1409
836 1591
836 2270
836 2353
838 1146
839 1743
839 1913
839 2460
840 966
840 1186
840 1677
840 1720
840 2047
840 2145
841 955
841 1613
841 1733
841 1814
841 1817
842 1693
843 1050
843 1865
846 867
846 887
846 1345
846 1827
846 1873
846 2283
848 1698
848 1726
849 934
850 987
850 1003
850 1194
850 1240
850 2090
850 2431
851 1280
851 2368
852 1177
852 1551
852 2282
853 1415
853 1522
854 1295
854 1404
854 1412
854 1498
854 2432
855 859
855 2219
857 1217
857 1262
858 901
858 1257
858 1499
858 1837
858 2032
859 1011
861 1136
861 1536
862 894
862 1305
862 1371
862 2274
863 1278
863 1346
863 1448
863 1460
863 1670
863 1956
863 1983
863 2087
863 2391
863 2428
864 932
864 1479
864 1747
864 2321
865 1038
865 1286
865 1537
865 1735
865 1776
865 1977
865 2316
865 2392
866 966
866 1178
866 1265
866 1356
866 1406
866 1504
866 1684
866 1694
866 2049
866 2173
866 2337
866 2369
866 2413
868 1712
869 893
869 1445
869 1635
869 1667
869 2382
869 2402
870 889
870 985
870 1684
871 1975
872 1729
872 1941
872 2002
872 2057
873 965
873 1289
875 1564
876 1087
877 963
881 1185
881 1211
881 1256
881 2138
882 918
882 1041
882 1413
883 1057
883 1213
883 1414
883 1585
883 1679
884 2358
885 1012
886 896
886 902
886 1151
886 1457
886 1911
886 2308
887 1618
888 1065
888 1210
888 1500
888 1933
888 1982
889 1272
890 917
890 1776
890 2066
890 2423
890 2484
891 2184
893 976
893 1399
893 1690
893 1695
893 1853
894 970
894 1368
894 2192
894 2297
894 2355
894 2422
896 1475
896 1664
897 901
897 1145
898 2320
899 1750
900 1137
900 1543
900 1555
900 1907
901 1056
902 1035
902 1790
903 1264
903 1522
904 1645
905 1014
905 2080
905 2331
905 2361
906 1690
906 1781
906 1881
907 1152
907 1411
907 1487
907 1533
908 1691
908 1915
908 2330
908 2373
909 1030
909 1218
909 1470
909 1586
909 1752
910 947
910 1403
910 1484
910 1724
912 1041
912 1200
912 1235
913 1481
914 1671
914 1734
916 957
916 1018
916 1291
916 1941
918 1790
919 1102
919 1233
919 1763
919 1869
919 1929
919 2445
920 936
920 1458
920 1487
920 1580
920 1970
921 1103
923 1560
924 1512
924 1602
924 1846
924 2190
925 1018
925 1803
925 2075
927 1397
927 1727
928 1390
928 1428
928 1541
928 1700
929 2143
930 1591
931 1124
931 1173
931 1195
931 2011
931 2103
932 1886
932 2166
932 2244
932 2294
933 2160
935 1163
935 1981
936 1571
936 1847
936 2237
936 2278
938 1170
938 2299
940 1225
941 1760
942 1155
942 1261
942 2185
942 2298
943 975
943 1103
943 1273
943 1285
943 2045
943 2069
944 1449
944 1558
944 2035
944 2319
944 2377
944 2401
944 2425
946 1800
946 1913
947 2151
947 2496
948 1221
949 1020
951 1328
951 1449
951 1794
951 1976
952 981
952 1078
952 1318
952 1379
953 1088
953 1410
954 1052
954 1655
955 1047
955 1251
955 1294
955 1443
957 1523
957 2257
957 2333
958 989
958 1211
958 1230
959 983
959 1721
959 2305
960 1263
960 2036
961 1074
961 1080
961 1565
961 1813
961 2246
962 1624
963 1014
963 1029
963 1140
963 1237
963 1241
963 1242
963 1489
963 1552
963 1909
963 2353
963 2471
964 1012
964 1329
964 1816
964 1934
966 1732
966 2320
968 1200
968 1329
968 1377
969 973
969 1000
969 1528
969 2185
969 2284
970 1621
970 2232
971 1145
971 1275
971 1407
971 1927
972 1142
972 1395
972 1726
972 1804
972 1900
972 2306
972 2352
972 2421
973 1426
973 1579
973 1760
973 1777
974 1935
974 2409
976 1102
976 1164
976 1340
976 1574
976 1680
976 1747
976 1875
977 1483
977 2165
977 2275
978 1146
978 1215
978 2217
980 1126
981 986
981 1047
981 1829
981 2243
981 2379
982 2153
984 1590
985 1472
985 1751
986 1125
986 1189
986 1265
986 1646
986 2372
987 2097
987 2155
987 2288
988 1076
988 1545
988 2037
988 2345
989 1469
989 1589
991 1023
991 1300
991 1335
991 1354
991 1645
991 1691
991 1784
991 2424
992 1133
993 1686
993 2451
993 2459
994 1034
994 1712
994 1775
994 2369
996 1034
997 2053
997 2131
998 2452
999 2034
999 2338
1000 1387
1000 1798
1000 1830
1000 1970
1000 2094
1000 2152
1000 2381
1001 1646
1001 2140
1003 1678
1004 2001
1004 2306
1005 1169
1005 1663
1005 1817
1005 2442
1007 1073
1007 1338
1007 1378
1007 1629
1007 1968
1008 1061
1008 1463
1009 1439
1009 1579
1010 1184
1010 1636
1010 2262
1011 2440
1012 1089
1012 1575
1012 1880
1013 1461
1013 1548
1013 1848
1013 2378
1014 1131
1014 1315
1014 1351
1014 1495
1014 1644
1014 1986
1014 2256
1015 1439
1016 1096
1016 1248
1017 1664
1017 2013
1018 2148
1019 1445
1019 1538
1019 2111
1019 2259
1019 2409
1020 1190
1021 1506
1022 1072
1022 1254
1022 1776
1023 1137
1023 1227
1023 1374
1023 1650
1023 1660
1023 2081
1023 2083
1023 2229
1024 1641
1025 1205
1026 1594
1026 2098
1027 2034
1027 2135
1027 2361
1028 1678
1029 1129
1029 1972
1030 1502
1031 1676
1031 1733
1031 2260
1032 1448
1032 2193
1033 1340
1033 1836
1034 1976
1035 1050
1035 1130
1035 1548
1035 2176
1036 1112
1036 2012
1036 2187
1037 1121
1037 2210
1038 1375
1038 1408
1038 1581
1038 1868
1039 1328
1039 1388
1039 1425
1039 2439
1040 1986
1041 1228
1041 1682
1041 2184
1042 1152
1042 1894
1042 2245
1043 1302
1044 1059
1044 1298
1044 1399
1044 1826
1044 2200
1046 1357
1046 2064
1047 1959
1048 1529
1048 1761
1049 1530
1049 2080
1049 2434
1050 1713
1050 2461
1051 2029
1051 2361
1052 1317
1052 2224
1054 1160
1054 2141
1055 1135
1055 1138
1055 1193
1055 1235
1055 1623
1055 1861
1055 2398
1056 1627
1056 1968
1057 1129
1058 1303
1058 1902
1059 1290
1060 1065
1060 1140
1060 1568
1061 2073
1062 2027
1062 2150
1063 1264
1063 1925
1064 1104
1064 1585
1064 1781
1065 1096
1066 1131
1066 1196
1066 1786
1066 2261
1066 2373
1067 1435
1068 1369
1068 2043
1069 1128
1069 1269
1069 2029
1071 1144
1072 2231
1073 1641
1073 1862
1073 1979
1073 2152
1074 1430
1076 2252
1077 1197
1077 1299
1078 1836
1078 1839
1079 1413
1079 2211
1080 2094
1081 1243
1081 1352
1081 2129
1081 2244
1082 1747
1082 2177
1083 1573
1083 2491
1084 1135
1084 1502
1084 2019
1085 1481
1086 1945
1087 1382
1087 2026
1088 1718
1089 1539
1089 1562
1089 1780
1089 1887
1089 2077
1090 1162
1090 1205
1090 2160
1090 2357
1091 1438
1091 1623
1091 1813
1091 2106
1091 2108
1091 2186
1092 1178
1093 1392
1093 2121
1094 1283
1094 1309
1094 1330
1094 1351
1094 1379
1094 1468
1094 1497
1094 1604
1094 1784
1095 1168
1096 1293
1096 1714
1097 1207
1097 1855
1098 1434
1098 1449
1098 1864
1099 2305
1099 2402
1099 2419
1101 1977
1101 1985
1102 1967
1102 2000
1102 2112
1102 2449
1104 1114
1104 1296
1104 1884
1104 2378
1104 2407
1105 2172
1105 2367
1105 2495
1106 1287
1106 1440
1106 2015
1106 2102
1106 2449
1108 1994
1108 2065
1108 2483
1110 1519
1110 1609
1110 1674
1111 1375
1111 1711
1111 2068
1113 2238
1113 2389
1114 1414
1114 1564
1114 1695
1114 1993
1115 1396
1115 1437
1115 1571
1115 2284
1115 2404
1116 1312
1116 1607
1116 2334
1117 1518
1117 1951
1117 1969
1117 2332
1117 2489
1119 1160
1120 1825
1120 2115
1120 2399
1121 1352
1121 1505
1121 2052
1121 2322
1122 1250
1122 1393
1122 1639
1122 2011
1123 2144
1123 2337
1125 1997
1126 2137
1126 2157
1128 2405
1130 1203
1130 1615
1130 1750
1130 2213
1132 1367
1132 1800
1133 2314
1134 1282
1134 1397
1135 2002
1135 2444
1138 1191
1138 1218
1138 1944
1139 1325
1139 2205
1139 2311
1141 1462
1141 1884
1141 2420
1142 1270
1142 2005
1143 1975
1143 2022
1143 2299
1143 2315
1144 1237
1144 1388
1144 1669
1144 1922
1144 1965
1144 2294
1144 2444
1146 1635
1146 2101
1146 2438
1147 1454
1148 1350
1148 1912
1149 1279
1149 2236
1150 1831
1151 1400
1151 1850
1151 2203
1151 2283
1151 2379
1152 1298
1152 2153
1154 1362
1154 2096
1155 1785
1157 1478
1157 2027
1158 1233
1158 1275
1159 1495
1160 2235
1161 1372
1161 1808
1161 1979
1161 2219
1161 2349
1161 2365
1163 2116
1164 1745
1164 1981
1164 2132
1164 2239
1164 2418
1165 1451
1165 1477
1166 1230
1166 2496
1167 1616
1168 2105
1168 2170
1169 1521
1169 1961
1169 2381
1170 1578
1171 1173
1171 1897
1171 2252
1173 1316
1173 1415
1173 1812
1174 1231
1174 1555
1174 1661
1176 1179
1176 1241
1176 1526
1176 2082
1176 2139
1177 1518
1177 1822
1177 1826
1177 1860
1178 1346
1178 1824
1178 1938
1178 2027
1178 2345
1179 1229
1179 1249
1179 1945
1179 2174
1179 2479
1180 1619
1181 1205
1184 1247
1184 2405
1186 2210
1186 2495
1187 2198
1190 1539
1190 1960
1190 1990
1190 2146
1191 1403
1191 1799
1191 2075
1192 1334
1192 2036
1192 2127
1193 1492
1193 1743
1193 1766
1195 1763
1197 1342
1197 1400
1197 1456
1197 1962
1199 1565
1199 1739
1201 1517
1201 1893
1203 1216
1203 1376
1203 2230
1204 1714
1204 1736
1204 1937
1204 2197
1204 2361
1205 1253
1205 1778
1205 2250
1206 1566
1206 1864
1206 2200
1206 2416
1206 2467
1207 2100
1208 1659
1209 1224
1209 2310
1210 1319
1210 1534
1210 1746
1212 1413
1212 1695
1212 2050
1212 2218
1212 2236
1213 2482
1214 1296
1214 1672
1214 2004
1215 1308
1215 1683
1215 2012
1215 2284
1216 1939
1216 2068
1218 1833
1219 1298
1219 1806
1219 1908
1219 2173
1219 2303
1219 2460
1220 2038
1221 1270
1221 1636
1221 1854
1222 1779
1222 2051
1223 1363
1223 1672
1224 2475
1225 1545
1225 2480
1226 1250
1226 1767
1226 2307
1227 2088
1227 2456
1228 1241
1228 1403
1228 2106
1229 1295
1229 1454
1229 2006
1230 2481
1231 1724
1232 1590
1232 1853
1232 2199
1234 2128
1235 1283
1235 1306
1235 1385
1235 1795
1236 2414
1237 1417
1237 1840
1238 1433
1239 1994
1241 2303
1242 1252
1242 1987
1243 1326
1243 2376
1244 2123
1246 2455
1250 1562
1250 1663
1250 1956
1251 1736
1253 1354
1253 1486
1254 2225
1255 1308
1255 1404
1255 2089
1255 2493
1257 1522
1257 1628
1257 2066
1258 1325
1258 1360
1258 1548
1258 2182
1258 2279
1258 2370
1260 2167
1261 1365
1261 1849
1261 2277
1264 2433
1265 1305
1265 1666
1266 1897
1266 2291
1267 1362
1267 2023
1268 1287
1268 2300
1268 2446
1269 1457
1269 1471
1271 1613
1271 2196
1273 2125
1274 1390
1274 1957
1276 1325
1276 1670
1276 1753
1276 1792
1277 2332
1280 1542
1280 1820
1280 2171
1280 2452
1281 1496
1282 1689
1282 1813
1283 1398
1284 1477
1284 1765
1284 2446
1285 1343
1285 2221
1288 1549
1288 2197
1288 2389
1289 1308
1289 1557
1289 1610
1289 2054
1289 2288
1290 2334
1291 1296
1292 1302
1294 1805
1294 2151
1294 2229
1294 2395
1296 1801
1297 2247
1298 1427
1298 1435
1298 1899
1298 2132
1299 1460
1301 2076
1301 2383
1303 1981
1303 2295
1304 2180
1304 2492
1306 2387
1308 2092
1308 2402
1309 2225
1310 1350
1310 2110
1310 2133
1312 1507
1312 1630
1314 1332
1314 1344
1314 1926
1314 1968
1315 1706
1315 1815
1315 2147
1315 2309
1316 1357
1316 2020
1316 2157
1317 1501
1317 1717
1317 1991
1318 2322
1319 1765
1320 1611
1320 1954
1320 2051
1320 2287
1321 1452
1321 1702
1322 1757
1322 1859
1322 2271
1323 2309
1324 2014
1324 2392
1325 1899
1326 2056
1327 1642
1327 2001
1329 1621
1330 1405
1330 1490
1330 1768
1330 1808
1330 2291
1331 2195
1332 2293
1333 1387
1334 2374
1337 1916
1337 2235
1337 2492
1343 2261
1344 1961
1345 2216
1345 2273
1345 2340
1346 1559
1346 1615
1347 2426
1348 1879
1350 2089
1351 1371
1351 2351
1352 1919
1357 1828
1357 2177
1359 1630
1359 2187
1360 2112
1361 1917
1361 2191
1362 1720
1362 2453
1363 1564
1363 2383
1364 1407
1365 1547
1365 1835
1365 2493
1366 1412
1366 1995
1366 2400
1367 2169
1367 2249
1368 1389
1368 2265
1369 1375
1369 2056
1369 2408
1370 1862
1370 2423
1372 1453
1372 1529
1372 1910
1372 1923
1372 2162
1373 2301
1374 1480
1374 2437
1375 1823
1376 1606
1376 2326
1377 1408
1377 1829
1377 2388
1378 1648
1378 1741
1379 1624
1380 1520
1380 1584
1380 1669
1380 1688
1380 1942
1380 1992
1380 2104
1380 2356
1381 1825
1381 1905
1381 2003
1382 1992
1382 2117
1382 2266
1383 2354
1384 2446
1385 1759
1385 1989
1385 2332
1389 2289
1390 1595
1392 1592
1392 1766
1394 1640
1394 2486
1395 1878
1398 1757
1398 1825
1398 1936
1399 1521
1402 2095
1403 1574
1403 1951
1404 2141
1404 2149
1404 2156
1404 2410
1404 2428
1405 2364
1407 1699
1407 2144
1408 1706
1408 1933
1408 2033
1408 2281
1408 2465
1409 1454
1409 1572
1409 2351
1410 1647
1410 1709
1410 2358
1411 1431
1411 1476
1411 1902
1412 1853
1413 1417
1413 2138
1414 2177
1415 1480
1415 2375
1416 2077
1418 1842
1419 1787
1419 2170
1421 1667
1428 2018
1429 1433
1429 1601
1429 1731
1429 2176
1429 2346
1432 1799
1433 1988
1435 2248
1435 2413
1436 1687
1437 1703
1437 2271
1438 1890
1438 2052
1439 1651
1440 1500
1440 1732
1440 1854
1441 1699
1441 2373
1442 1860
1442 2218
1442 2255
1442 2426
1443 1903
1443 2240
1446 1754
1447 1972
1448 1591
1448 2124
1449 1628
1450 2110
1451 1517
1452 2378
1453 1563
1453 2337
1454 2451
1455 2417
1457 2207
1458 1726
1458 2071
1458 2410
1461 1713
1463 1559
1463 1793
1465 1470
1465 2486
1466 1877
1466 2278
1467 1526
1467 1824
1467 1842
1469 2222
1469 2315
1471 1863
1472 1536
1472 1674
1472 2061
1472 2171
1474 2182
1474 2370
1475 1582
1475 1753
1476 2073
1478 1958
1480 1560
1480 2308
1481 1509
1482 1660
1482 2494
1483 2380
1485 1705
1486 2134
1487 1866
1491 1874
1491 2477
1494 1918
1496 1823
1496 1999
1496 2466
1498 2242
1499 1895
1500 1588
1501 1928
1504 1723
1506 2018
1507 1584
1508 1543
1509 1978
1510 1806
1510 2369
1511 2195
1511 2370
1512 1828
1513 1614
1513 1753
1513 2208
1513 2343
1513 2349
1513 2352
1513 2375
1513 2386
1514 1649
1514 1891
1516 1911
1516 2054
1516 2377
1517 1656
1517 1738
1518 1849
1519 1585
1519 2174
1520 2042
1520 2434
1522 1906
1524 1964
1525 2159
1527 1690
1527 2159
1528 2269
1529 2321
1530 2153
1530 2287
1530 2474
1531 2233
1532 1533
1532 1966
1532 2228
1532 2242
1535 1570
1535 1964
1536 1547
1536 1562
1536 1725
1536 1996
1536 2156
1536 2399
1537 2169
1537 2238
1538 1791
1538 1807
1538 1963
1540 1671
1541 1764
1541 2133
1542 1756
1542 2356
1545 1937
1545 2392
1547 1607
1548 2010
1549 1749
1549 2152
1549 2174
1550 1642
1551 1855
1553 1743
1554 2134
1555 1728
1555 1829
1555 2173
1562 1728
1562 1811
1562 1999
1563 1633
1563 1671
1565 2234
1565 2487
1567 1604
1567 2347
1570 2225
1571 2393
1572 1886
1572 2041
1576 2376
1576 2414
1577 1960
1577 2396
1579 2090
1580 2150
1582 2325
1584 2006
1584 2415
1584 2440
1585 1609
1586 2105
1587 2143
1589 2225
1592 1791
1594 2112
1596 1767
1598 1657
1598 2192
1605 1739
1605 1981
1606 2104
1608 2323
1609 2048
1612 2326
1616 1821
1616 1898
1617 2463
1618 2448
1621 2259
1622 2483
1623 2244
1624 1988
1624 2126
1625 2004
1626 2295
1627 1953
1627 2200
1628 1774
1628 2328
1629 1887
1629 2380
1630 1638
1630 1754
1630 1834
1630 1943
1630 2407
1630 2426
1632 1901
1636 1925
1636 2227
1638 1816
1638 2353
1639 1802
1640 1889
1640 2030
1640 2443
1642 2063
1642 2113
1643 1675
1643 1692
1643 2076
1644 2194
1646 2108
1648 2492
1649 1685
1649 1729
1649 2333
1650 2464
1656 1788
1656 2446
1657 1796
1658 1715
1662 1805
1664 2471
1667 1679
1667 2289
1668 1927
1668 1930
1671 2212
1672 1800
1672 2045
1673 1690
1675 1857
1675 1985
1676 2214
1679 1970
1682 1802
1682 1838
1682 2055
1682 2062
1682 2164
1682 2230
1683 1684
1683 1934
1685 2163
1686 1888
1690 1816
1690 2318
1690 2398
1691 2082
1693 1982
1693 2242
1694 1721
1695 2458
1696 1954
1697 1923
1697 2103
1697 2181
1699 1959
1699 2381
1699 2416
1700 2142
1702 2085
1702 2500
1703 2267
1706 2114
1711 2265
1711 2350
1712 1721
1713 1958
1713 2390
1716 1727
1716 1788
1716 1900
1716 2059
1716 2086
1717 2349
1717 2375
1717 2469
1718 2381
1718 2480
1719 1765
1720 1953
1722 1737
1722 2296
1722 2302
1722 2376
1723 2092
1724 2270
1724 2412
1725 1885
1725 2298
1726 1779
1728 1914
1728 2360
1729 1850
1729 1997
1729 2246
1729 2287
1730 2065
1731 1774
1731 1987
1731 2094
1735 2169
1735 2273
1735 2327
1739 2070
1739 2407
1741 2334
1744 2121
1744 2211
1744 2303
1745 2227
1747 2103
1748 1891
1751 1775
1751 1949
1751 1974
1752 2479
1754 1920
1754 2248
1754 2380
1755 2459
1756 2166
1758 2123
1758 2387
1760 1962
1761 1915
1761 2294
1761 2421
1763 1976
1763 2084
1765 2017
1766 2306
1768 1978
1768 2342
1769 2402
1769 2464
1771 2008
1772 1880
1773 2005
1775 1814
1777 1881
1777 2083
1777 2190
1779 2300
1780 2258
1781 1831
1781 1864
1782 1848
1784 2477
1785 2127
1786 2431
1788 1895
1788 2137
1790 2249
1792 1987
1792 2411
1792 2472
1793 1967
1793 2081
1797 2030
1804 2430
1805 2139
1805 2487
1806 1820
1806 2116
1806 2173
1808 1830
1809 2441
1810 2364
1811 2162
1814 2013
1820 2004
1820 2198
1823 2400
1825 1955
1830 1993
1830 2277
1831 2058
1832 1930
1832 2470
1833 2234
1837 2265
1839 1932
1839 2071
1841 2185
1842 2037
1843 2102
1852 2310
1852 2407
1854 2184
1854 2246
1857 2454
1859 1913
1862 2068
1862 2341
1865 1909
1865 1916
1866 1912
1871 2477
1873 2421
1878 2070
1883 1961
1883 2419
1884 2272
1885 2046
1888 1994
1894 2015
1895 1904
1897 2339
1898 2324
1898 2396
1901 1933
1901 2499
1907 1982
1907 2114
1908 2078
1908 2092
1909 1922
1910 1941
1912 2304
1915 2480
1920 2020
1922 2031
1923 2282
1924 2064
1924 2340
1924 2414
1925 2498
1929 2470
1930 2178
1931 2075
1932 2007
1936 2373
1938 2077
1938 2093
1939 2412
1947 2031
1947 2496
1954 2012
1954 2249
1955 1975
1958 2327
1958 2340
1958 2491
1962 2286
1965 2277
1966 2212
1966 2226
1970 2248
1972 2442
1973 2267
1973 2450
1977 2368
1978 2305
1981 2338
1983 2132
1983 2341
1986 2165
1987 2256
1987 2425
1988 2023
1988 2332
1989 2223
1989 2358
1992 2151
1998 2263
2003 2435
2003 2451
2004 2145
2004 2412
2005 2067
2005 2434
2007 2158
2009 2346
2010 2060
2013 2204
2019 2475
2020 2439
2023 2324
2023 2440
2025 2377
2029 2185
2032 2465
2033 2257
2035 2203
2037 2272
2042 2370
2048 2430
2049 2460
2052 2219
2053 2280
2053 2357
2055 2476
2062 2226
2063 2486
2065 2390
2066 2205
2068 2125
2068 2126
2070 2433
2072 2473
2077 2119
2078 2085
2078 2333
2085 2329
2086 2102
2086 2147
2089 2120
2089 2442
2095 2276
2096 2224
2101 2253
2103 2329
2106 2128
2109 2360
2112 2208
2118 2429
2120 2147
2120 2202
2121 2157
2130 2386
2131 2346
2131 2449
2142 2385
2143 2212
2143 2294
2144 2234
2151 2285
2153 2351
2156 2293
2157 2262
2160 2341
2163 2215
2165 2206
2166 2417
2168 2498
2171 2302
2183 2456
2190 2211
2201 2331
2201 2436
2204 2327
2210 2347
2214 2464
2223 2308
2227 2342
2245 2266
2256 2274
2265 2425
2287 2354
2293 2497
2309 2470
2314 2461
2318 2385
2319 2420
2319 2463
2321 2336
2328 2415
2328 2429
2331 2411
2334 2354
2347 2432
2353 2365
2367 2411
2383 2458
2387 2465
2387 2485
2398 2491
2413 2490
2422 2499
2428 2462
2458 2478
