1 2
1 3
1 4
1 5
1 6
1 7
1 8
1 10
1 11
1 12
1 14
1 18
1 20
1 24
1 25
1 32
1 39
1 48
1 64
1 75
1 77
1 97
1 101
1 108
1 121
1 133
1 138
1 148
1 155
1 162
1 168
1 172
1 180
1 190
1 192
1 196
1 204
1 223
1 233
1 254
1 266
1 288
1 302
1 306
1 314
1 319
1 320
1 343
1 359
1 387
1 391
1 396
1 415
1 440
1 459
1 460
1 479
1 485
1 486
1 487
2 7
2 9
2 15
2 20
2 25
2 27
2 35
2 50
2 56
2 59
2 60
2 69
2 198
2 349
2 418
2 441
3 6
3 7
3 8
3 9
3 10
3 11
3 17
3 26
3 61
3 71
3 159
3 168
3 179
3 191
3 207
3 208
3 249
3 250
3 254
3 257
3 258
3 370
3 449
3 485
3 498
4 6
4 7
4 8
4 13
4 15
4 18
4 27
4 28
4 31
4 33
4 38
4 44
4 53
4 59
4 61
4 73
4 114
4 120
4 129
4 131
4 136
4 164
4 197
4 229
4 232
4 246
4 281
4 282
4 302
4 328
4 375
4 383
4 399
4 480
4 491
4 494
5 6
5 8
5 19
5 21
5 40
5 57
5 244
5 272
5 323
5 327
5 334
5 341
5 346
5 390
5 403
6 10
6 11
6 12
6 13
6 14
6 16
6 18
6 21
6 30
6 31
6 32
6 41
6 42
6 43
6 46
6 55
6 64
6 82
6 84
6 91
6 110
6 111
6 113
6 118
6 146
6 164
6 187
6 188
6 190
6 212
6 220
6 244
6 258
6 272
6 278
6 296
6 300
6 306
6 308
6 331
6 335
6 337
6 349
6 358
6 374
6 375
6 408
6 415
6 432
6 450
6 463
6 478
6 483
6 492
7 9
7 10
7 12
7 16
7 19
7 22
7 23
7 24
7 25
7 26
7 29
7 31
7 35
7 37
7 39
7 45
7 81
7 82
7 83
7 97
7 98
7 103
7 123
7 147
7 149
7 150
7 158
7 171
7 188
7 192
7 210
7 212
7 216
7 221
7 245
7 251
7 261
7 263
7 268
7 269
7 270
7 318
7 335
7 337
7 343
7 346
7 350
7 353
7 382
7 394
7 402
7 437
7 448
7 453
7 458
7 477
7 496
8 9
8 11
8 12
8 14
8 16
8 17
8 22
8 31
8 35
8 36
8 39
8 40
8 45
8 47
8 48
8 50
8 75
8 82
8 85
8 96
8 107
8 151
8 166
8 187
8 189
8 192
8 202
8 205
8 214
8 215
8 219
8 236
8 247
8 253
8 257
8 265
8 289
8 317
8 410
8 432
8 434
8 441
8 462
8 472
8 484
8 493
9 15
9 18
9 19
9 20
9 22
9 30
9 34
9 36
9 37
9 41
9 48
9 52
9 57
9 65
9 68
9 78
9 81
9 84
9 92
9 109
9 111
9 138
9 141
9 142
9 158
9 161
9 172
9 177
9 199
9 212
9 229
9 238
9 243
9 249
9 269
9 275
9 292
9 298
9 307
9 318
9 324
9 332
9 344
9 390
9 398
9 400
9 407
9 421
9 458
9 461
9 494
10 13
10 17
10 24
10 25
10 28
10 33
10 36
10 41
10 46
10 53
10 55
10 56
10 58
10 63
10 64
10 111
10 117
10 119
10 134
10 143
10 148
10 154
10 156
10 167
10 178
10 197
10 205
10 206
10 213
10 240
10 245
10 251
10 267
10 311
10 330
10 333
10 362
10 369
10 373
10 405
10 407
10 427
10 442
10 458
10 495
11 13
11 15
11 23
11 27
11 29
11 40
11 48
11 60
11 67
11 72
11 120
11 121
11 122
11 124
11 126
11 151
11 159
11 183
11 312
11 350
11 379
11 405
11 464
11 477
11 481
12 14
12 24
12 34
12 38
12 41
12 43
12 49
12 53
12 65
12 68
12 71
12 96
12 103
12 123
12 128
12 171
12 242
12 252
12 253
12 284
12 386
12 393
12 394
12 455
13 16
13 23
13 28
13 38
13 43
13 52
13 56
13 66
13 80
13 89
13 91
13 93
13 104
13 111
13 139
13 148
13 150
13 153
13 154
13 160
13 170
13 232
13 254
13 276
13 279
13 293
13 315
13 329
13 340
13 384
13 390
13 392
13 409
13 410
13 434
13 454
13 468
13 471
13 493
14 17
14 19
14 26
14 67
14 95
14 96
14 101
14 107
14 110
14 116
14 135
14 164
14 181
14 192
14 239
14 350
14 388
14 425
14 474
15 21
15 28
15 30
15 43
15 46
15 55
15 88
15 103
15 113
15 126
15 127
15 131
15 145
15 173
15 204
15 220
15 279
15 293
15 351
15 374
15 383
15 387
15 404
15 405
15 465
15 469
15 491
16 79
16 86
16 175
16 230
16 389
16 441
17 37
17 49
17 73
17 116
17 118
17 143
17 152
17 157
17 299
17 419
18 33
18 42
18 45
18 57
18 62
18 65
18 67
18 69
18 77
18 78
18 87
18 123
18 125
18 132
18 149
18 158
18 198
18 270
18 293
18 354
18 357
19 20
19 22
19 27
19 39
19 95
19 116
19 120
19 141
19 147
19 152
19 183
19 190
19 221
19 224
19 230
19 248
19 259
19 274
19 280
19 321
19 323
19 360
19 364
19 438
19 460
19 496
20 21
20 32
20 33
20 37
20 56
20 59
20 70
20 81
20 104
20 124
20 139
20 146
20 166
20 200
20 223
20 266
20 285
20 308
20 320
20 328
20 384
20 404
21 23
21 30
21 38
21 42
21 49
21 70
21 75
21 88
21 102
21 110
21 115
21 122
21 142
21 179
21 180
21 190
21 223
21 263
21 275
21 298
21 301
21 352
21 366
21 383
21 388
21 402
21 481
22 29
22 44
22 50
22 52
22 63
22 67
22 78
22 86
22 116
22 134
22 156
22 272
22 360
22 469
22 480
23 172
23 184
23 205
23 229
23 255
23 413
23 428
23 439
23 452
24 26
24 42
24 54
24 71
24 88
24 89
24 132
24 180
24 181
24 250
24 313
24 325
24 346
24 376
25 47
25 76
25 100
25 112
25 180
25 265
25 292
25 308
25 320
25 329
25 359
25 408
25 476
26 29
26 35
26 54
26 74
26 112
26 115
26 125
26 161
26 185
26 219
26 285
26 299
26 307
26 316
26 347
26 367
26 496
27 32
27 66
27 90
27 93
27 153
27 171
27 173
27 195
27 200
27 226
27 242
27 252
27 281
27 297
27 328
27 357
27 363
27 439
27 459
28 34
28 70
28 81
28 84
28 87
28 91
28 95
28 114
28 133
28 135
28 155
28 170
28 183
28 221
28 243
28 260
28 268
28 288
28 290
28 336
28 347
28 355
28 381
28 409
28 418
28 433
28 463
29 65
29 97
29 138
29 165
29 246
29 278
29 374
29 379
30 57
30 74
30 93
30 112
30 154
30 167
30 178
30 182
30 187
30 209
30 211
30 235
30 255
30 271
30 332
30 338
30 380
30 446
30 468
31 34
31 85
31 98
31 140
31 152
31 167
31 181
31 237
31 247
31 257
31 294
31 299
31 385
31 446
32 44
32 46
32 80
32 83
32 104
32 106
32 141
32 182
32 244
32 313
32 342
32 466
32 467
33 51
33 119
33 140
33 151
33 207
33 210
33 286
33 287
33 289
33 347
33 430
34 51
34 64
34 72
34 77
34 98
34 128
34 141
34 145
34 210
34 241
34 250
34 304
34 351
34 411
34 420
34 454
34 489
35 36
35 44
35 50
35 52
35 60
35 105
35 144
35 166
35 168
35 176
35 232
35 272
35 283
35 394
35 447
36 45
36 49
36 63
36 80
36 104
36 117
36 175
36 195
36 259
36 305
36 359
36 368
36 369
36 372
36 430
37 145
37 227
37 236
37 249
37 327
37 431
37 433
37 450
38 40
38 54
38 59
38 61
38 76
38 84
38 114
38 239
38 264
38 284
38 379
38 395
38 449
38 470
39 51
39 72
39 119
39 143
39 156
39 236
39 244
39 269
39 283
39 290
39 318
39 321
39 368
39 369
39 381
39 465
40 77
40 83
40 134
40 169
40 208
41 47
41 58
41 60
41 165
41 214
41 226
41 227
41 322
41 326
41 445
41 450
41 467
41 497
42 72
42 79
42 83
42 90
42 109
42 126
42 201
42 208
42 242
42 255
42 294
42 310
42 311
42 378
42 424
42 463
42 468
43 61
43 66
43 99
43 102
43 235
43 265
43 283
43 310
43 312
43 440
43 443
44 58
44 62
44 76
44 129
44 191
44 397
45 70
45 90
45 105
45 113
45 143
45 166
45 302
45 378
46 47
46 53
46 54
46 62
46 76
46 112
46 147
46 148
46 162
46 177
46 209
46 270
46 289
46 309
46 321
46 330
46 337
46 339
46 345
46 365
46 427
46 444
47 51
47 66
47 85
47 103
47 182
47 235
47 243
47 245
47 312
47 314
47 364
47 402
48 71
48 106
48 133
48 145
48 169
48 173
48 209
48 212
48 222
48 451
48 453
48 455
49 90
49 92
49 134
49 296
49 328
49 356
49 423
49 470
49 490
50 63
50 68
50 127
50 184
50 186
50 239
50 271
50 276
50 327
50 336
50 356
50 367
50 382
51 69
51 75
51 87
51 149
51 160
51 241
51 292
51 307
51 334
51 489
52 55
52 73
52 175
52 286
52 290
52 417
52 421
52 438
53 122
53 200
53 201
53 261
53 271
53 295
53 303
53 381
53 457
53 464
54 58
54 124
54 133
54 264
54 291
54 437
55 82
55 92
55 102
55 106
55 108
55 151
55 186
55 230
55 235
55 314
55 334
55 360
55 446
55 466
55 468
56 100
56 163
56 279
56 357
57 68
57 94
57 118
57 120
57 137
57 163
57 170
57 216
57 233
57 234
57 314
57 341
57 342
57 354
57 407
58 62
58 155
58 211
58 368
59 131
59 186
59 231
59 267
59 470
60 79
60 121
60 132
60 142
60 146
60 203
60 269
60 433
60 479
61 73
61 74
61 100
61 137
61 139
61 144
61 256
61 273
61 307
61 356
61 371
61 393
61 444
62 86
62 99
62 101
62 105
62 132
62 196
62 435
62 449
63 69
63 85
63 130
63 160
63 179
63 181
63 325
63 427
63 467
63 486
64 162
64 169
64 194
64 231
64 331
64 358
65 105
65 165
65 234
65 312
65 375
65 500
66 87
66 129
66 150
66 185
66 217
66 227
66 261
66 370
66 377
66 382
66 414
66 495
67 78
67 92
67 158
67 222
67 380
67 425
67 457
68 74
68 89
68 94
68 197
68 211
68 399
68 429
68 498
69 167
69 295
69 333
69 370
70 128
70 193
70 395
70 479
70 492
71 89
71 95
71 99
71 154
71 163
71 252
71 303
71 462
72 79
72 224
72 329
73 94
73 106
73 217
73 228
73 301
73 348
73 365
73 403
73 413
73 471
74 86
74 100
74 119
74 242
74 256
74 330
74 343
74 377
74 382
74 489
75 80
75 99
75 246
75 418
75 420
75 451
75 452
76 88
76 227
76 400
77 130
77 146
77 152
77 210
78 130
78 267
78 273
78 340
79 93
79 96
79 123
79 150
79 165
79 286
79 288
79 373
80 140
80 218
80 261
80 354
80 400
80 482
81 101
81 108
81 224
81 232
81 445
81 452
82 139
82 172
82 315
83 107
83 183
83 215
83 443
84 127
84 129
84 147
84 194
84 264
84 346
84 393
85 97
85 114
85 117
85 125
85 156
85 157
85 161
85 188
85 215
85 220
85 475
86 284
86 419
86 421
87 109
87 131
87 174
87 259
88 159
88 454
89 91
89 136
89 184
89 204
89 205
89 234
89 317
89 340
89 398
89 473
90 94
90 98
90 174
90 189
90 226
90 262
90 278
90 317
90 327
90 338
90 432
91 389
91 475
92 117
92 121
92 173
92 176
92 189
92 301
93 102
93 144
93 187
93 436
93 489
94 124
94 262
94 273
94 379
94 397
94 435
94 451
94 485
95 137
95 499
96 107
96 109
96 113
96 153
96 174
96 366
96 385
97 122
97 191
97 198
97 338
97 442
97 463
97 476
97 498
98 115
98 136
98 207
98 245
98 311
98 378
98 416
99 115
99 170
99 203
99 230
99 258
99 274
99 319
99 321
99 363
99 444
100 325
100 348
100 370
100 371
100 399
100 413
100 499
101 142
101 211
101 218
101 226
101 420
102 185
102 207
102 231
102 319
103 324
104 186
104 257
104 276
104 436
104 441
105 108
105 118
105 127
105 135
105 138
105 185
105 331
105 385
105 397
105 474
106 136
106 258
106 297
106 310
106 425
106 478
106 500
107 110
107 176
107 191
107 280
107 316
107 484
107 497
108 385
108 389
108 408
108 465
109 202
109 274
109 283
109 405
109 413
110 234
110 401
111 177
111 233
111 320
111 340
111 376
112 221
112 443
112 466
113 285
113 313
114 239
114 265
114 286
114 411
115 237
115 268
115 415
116 163
116 194
116 206
116 218
116 288
116 426
116 434
117 331
117 490
118 126
118 241
118 453
119 202
119 256
120 125
120 214
120 343
120 344
120 386
120 482
121 271
122 140
122 199
122 216
122 260
122 291
122 326
122 337
122 364
122 366
123 329
123 403
124 206
125 128
125 204
125 218
125 262
125 412
125 461
126 155
126 157
126 225
127 157
127 178
127 260
127 466
127 496
128 130
128 137
128 222
128 316
129 135
129 193
129 280
129 353
129 436
129 447
130 144
130 182
130 276
130 290
130 390
130 456
131 159
131 161
131 417
131 435
132 304
132 311
133 160
133 238
134 217
134 219
134 287
134 332
134 353
134 373
134 464
134 499
135 282
136 248
136 295
136 423
136 431
137 162
137 168
137 326
137 342
137 409
138 215
138 240
138 296
138 372
138 423
140 153
140 179
140 189
140 240
140 325
140 477
141 149
141 406
143 196
143 197
143 201
143 225
143 335
143 338
143 417
144 213
144 243
144 246
145 268
145 367
146 169
147 228
147 254
148 176
148 209
148 336
149 193
149 201
149 277
149 396
149 422
149 490
149 498
150 164
150 401
151 224
151 360
151 410
152 225
152 270
152 285
152 297
153 188
153 422
154 195
154 247
154 414
155 198
155 203
155 363
155 406
155 494
156 345
156 429
157 253
157 465
157 472
158 333
159 174
159 196
160 206
160 440
162 177
162 228
162 264
162 391
162 424
163 175
163 277
163 326
164 213
164 233
164 248
164 274
164 298
164 309
164 365
164 460
167 171
167 237
167 279
167 380
168 478
170 178
170 194
170 308
170 381
170 392
170 492
171 372
172 448
173 184
173 195
173 371
174 216
177 237
177 348
178 241
179 236
179 431
180 202
180 203
180 284
180 477
181 193
181 199
181 277
181 467
182 267
182 296
182 425
182 445
183 266
183 305
183 416
183 427
184 368
185 399
186 213
186 292
186 322
186 480
187 199
187 364
188 217
188 278
188 345
188 347
188 350
189 223
189 344
189 352
189 424
189 454
189 499
190 200
190 238
192 225
192 303
193 228
193 251
193 295
193 322
193 397
193 442
193 478
194 315
194 333
194 393
194 430
194 491
195 238
195 363
196 222
197 392
197 395
197 412
197 415
197 434
197 457
198 219
198 266
200 310
201 253
203 208
203 456
204 275
204 282
204 436
204 472
205 316
205 318
205 495
206 323
206 482
207 339
207 488
209 353
210 389
211 251
211 255
211 256
211 414
212 214
212 277
213 263
213 483
215 220
215 280
215 411
215 481
215 485
216 309
216 351
217 306
217 366
218 229
218 301
218 395
218 451
220 248
222 352
222 387
223 420
223 432
224 335
225 398
227 252
227 300
227 492
228 231
228 362
230 249
230 336
230 369
230 422
230 472
231 291
231 416
232 263
232 297
232 302
232 304
232 349
232 433
233 406
233 459
233 461
234 401
234 471
235 281
235 404
235 493
236 376
237 354
237 377
238 339
239 240
240 435
241 247
243 319
243 334
243 378
243 484
245 429
246 324
246 500
248 275
248 377
249 250
250 262
250 367
251 358
251 412
252 259
252 289
252 304
252 342
252 355
252 396
252 475
253 260
253 300
253 437
255 281
255 384
256 317
256 361
256 407
256 464
257 341
258 408
259 419
261 305
262 287
262 428
262 487
263 294
264 291
266 355
268 371
268 410
269 273
269 282
270 287
271 375
271 404
272 330
272 448
274 303
274 388
275 357
275 412
276 383
276 388
277 373
279 306
281 294
281 305
281 345
281 374
281 428
281 438
281 450
281 461
282 361
282 386
283 469
284 293
284 344
284 481
285 426
286 299
286 313
288 351
289 332
289 394
289 401
289 406
290 300
291 391
292 323
292 426
292 442
292 460
294 361
296 298
296 324
297 424
298 365
298 444
298 474
298 486
299 356
300 309
300 341
300 487
301 352
301 455
302 362
304 409
306 416
306 453
306 483
310 484
313 402
314 315
314 322
314 362
317 361
319 339
319 456
319 459
320 443
322 411
323 449
324 358
324 400
326 447
327 458
328 348
328 429
329 480
331 488
332 445
333 475
334 483
335 372
337 359
337 384
337 386
340 438
345 349
346 355
346 391
346 439
347 437
348 376
349 398
350 396
356 473
357 414
357 476
359 417
361 403
362 422
362 462
362 471
362 474
363 494
365 448
369 446
369 476
369 491
370 473
370 488
375 380
379 486
380 387
381 426
381 457
381 497
384 421
385 473
386 392
386 419
390 431
391 418
391 469
400 488
414 439
415 452
415 462
416 447
418 423
420 456
426 428
426 430
426 470
427 440
427 490
430 500
431 495
437 455
447 482
457 479
463 497
468 487
469 493
