1 2
1 3
1 4
1 5
1 6
1 7
1 8
1 9
1 10
1 13
1 15
1 19
1 21
1 23
1 24
1 28
1 29
1 31
1 38
1 39
1 46
1 47
1 52
1 53
1 55
1 59
1 77
1 84
1 93
1 99
1 104
1 106
1 109
1 110
1 114
1 127
1 131
1 132
1 146
1 156
1 159
1 160
1 163
1 164
1 182
1 197
1 213
1 214
1 215
1 216
1 219
1 223
1 225
1 231
1 233
1 242
1 247
1 259
1 265
1 284
1 293
1 294
1 295
1 319
1 320
1 333
1 338
1 350
1 360
1 376
1 378
1 386
1 407
1 420
1 458
1 474
1 475
1 479
1 493
1 494
1 502
1 524
1 542
1 567
1 568
1 569
1 570
1 597
1 618
1 643
1 658
1 659
1 660
1 699
1 722
1 736
1 739
1 751
1 752
1 753
1 762
1 768
1 772
1 791
1 813
1 849
2 6
2 9
2 18
2 46
2 57
2 61
2 73
2 83
2 119
2 130
2 132
2 143
2 200
2 300
2 302
2 327
2 345
2 455
2 552
3 7
3 8
3 10
3 11
3 14
3 20
3 22
3 29
3 32
3 33
3 34
3 35
3 47
3 50
3 56
3 58
3 62
3 63
3 66
3 67
3 71
3 86
3 91
3 92
3 94
3 95
3 105
3 110
3 111
3 115
3 121
3 128
3 131
3 140
3 157
3 159
3 174
3 181
3 246
3 303
3 317
3 341
3 351
3 358
3 362
3 424
3 444
3 474
3 485
3 502
3 539
3 553
3 673
3 696
3 789
3 792
3 797
3 833
3 834
3 846
4 6
4 7
4 8
4 11
4 17
4 22
4 24
4 26
4 27
4 63
4 74
4 78
4 79
4 87
4 90
4 114
4 133
4 178
4 191
4 226
4 255
4 287
4 349
4 434
4 435
4 445
4 449
4 486
4 504
4 516
4 517
4 569
4 638
4 698
4 837
5 6
5 7
5 8
5 9
5 14
5 15
5 33
5 42
5 52
5 80
5 96
5 129
5 154
5 163
5 224
5 228
5 258
5 325
5 369
5 452
5 521
5 682
5 751
6 9
6 11
6 12
6 18
6 22
6 27
6 32
6 57
6 74
6 116
6 127
6 156
6 162
6 188
6 195
6 215
6 238
6 243
6 246
6 264
6 276
6 290
6 305
6 313
6 345
6 381
6 390
6 398
6 464
6 491
6 500
6 530
6 534
6 603
6 615
6 617
6 708
6 734
6 832
6 846
7 13
7 14
7 15
7 17
7 27
7 43
7 48
7 50
7 51
7 57
7 71
7 80
7 87
7 99
7 100
7 113
7 121
7 134
7 137
7 142
7 144
7 156
7 175
7 200
7 217
7 221
7 248
7 259
7 261
7 267
7 278
7 281
7 304
7 315
7 340
7 384
7 396
7 419
7 427
7 428
7 430
7 461
7 484
7 491
7 508
7 524
7 542
7 544
7 553
7 578
7 582
7 617
7 697
7 719
7 723
7 738
7 764
7 766
7 770
7 773
7 787
7 788
7 850
8 10
8 16
8 17
8 18
8 19
8 36
8 40
8 50
8 55
8 67
8 73
8 112
8 113
8 118
8 123
8 126
8 133
8 167
8 176
8 185
8 192
8 193
8 224
8 267
8 271
8 293
8 317
8 328
8 375
8 391
8 431
8 435
8 566
8 628
8 649
8 655
8 669
8 803
8 811
9 10
9 11
9 12
9 24
9 25
9 28
9 29
9 32
9 33
9 34
9 40
9 41
9 59
9 60
9 72
9 80
9 85
9 99
9 101
9 115
9 119
9 131
9 137
9 142
9 143
9 152
9 163
9 177
9 193
9 194
9 196
9 202
9 203
9 219
9 223
9 225
9 236
9 237
9 262
9 271
9 281
9 285
9 292
9 321
9 331
9 339
9 354
9 366
9 380
9 435
9 495
9 499
9 509
9 512
9 528
9 537
9 546
9 564
9 570
9 581
9 583
9 589
9 615
9 631
9 632
9 643
9 712
9 740
9 743
9 750
9 774
9 806
9 826
10 12
10 15
10 16
10 19
10 20
10 21
10 23
10 30
10 42
10 44
10 45
10 49
10 51
10 56
10 66
10 83
10 84
10 86
10 88
10 92
10 114
10 135
10 147
10 150
10 168
10 188
10 189
10 190
10 194
10 196
10 200
10 201
10 213
10 230
10 250
10 254
10 289
10 300
10 326
10 328
10 335
10 348
10 350
10 352
10 391
10 394
10 397
10 400
10 414
10 446
10 448
10 458
10 499
10 502
10 529
10 547
10 567
10 568
10 581
10 592
10 606
10 614
10 625
10 635
10 657
10 664
10 674
10 682
10 743
10 785
10 797
10 807
11 12
11 13
11 16
11 19
11 21
11 22
11 25
11 27
11 41
11 44
11 45
11 70
11 76
11 83
11 85
11 95
11 100
11 102
11 103
11 104
11 118
11 134
11 138
11 151
11 152
11 187
11 214
11 265
11 270
11 298
11 303
11 330
11 331
11 341
11 357
11 358
11 361
11 368
11 373
11 377
11 403
11 425
11 462
11 487
11 493
11 530
11 535
11 547
11 589
11 590
11 646
11 656
11 673
11 674
11 709
11 731
11 733
11 751
11 758
11 759
11 811
11 832
12 13
12 14
12 16
12 30
12 31
12 34
12 39
12 40
12 45
12 53
12 58
12 64
12 69
12 72
12 76
12 81
12 87
12 98
12 120
12 122
12 126
12 184
12 186
12 208
12 214
12 226
12 227
12 229
12 252
12 274
12 306
12 321
12 325
12 340
12 385
12 399
12 409
12 430
12 432
12 448
12 472
12 534
12 541
12 593
12 657
12 659
12 813
13 24
13 35
13 58
13 66
13 78
13 81
13 100
13 108
13 125
13 135
13 147
13 227
13 253
13 320
13 376
13 421
13 520
13 559
13 602
13 616
13 640
13 676
13 692
13 707
13 792
13 847
14 23
14 37
14 38
14 60
14 61
14 65
14 68
14 77
14 105
14 138
14 169
14 182
14 185
14 207
14 218
14 226
14 232
14 245
14 265
14 299
14 314
14 332
14 353
14 369
14 395
14 426
14 460
14 468
14 471
14 479
14 504
14 550
14 559
14 576
14 599
14 606
14 627
14 726
14 731
14 756
14 779
14 781
14 796
14 816
14 845
15 20
15 35
15 62
15 83
15 184
15 239
15 256
15 287
15 313
15 345
15 382
15 493
15 567
15 610
15 630
15 797
16 17
16 30
16 31
16 51
16 66
16 79
16 88
16 107
16 135
16 140
16 181
16 194
16 218
16 251
16 280
16 325
16 330
16 460
16 476
16 505
16 629
16 702
16 706
16 714
16 835
16 836
17 18
17 21
17 25
17 26
17 33
17 35
17 36
17 42
17 44
17 49
17 56
17 62
17 64
17 65
17 72
17 82
17 91
17 97
17 98
17 108
17 120
17 125
17 138
17 161
17 204
17 209
17 221
17 246
17 288
17 291
17 307
17 319
17 340
17 341
17 349
17 351
17 366
17 405
17 421
17 457
17 479
17 531
17 545
17 585
17 591
17 594
17 600
17 608
17 652
17 686
17 691
17 695
17 723
17 749
17 755
17 799
17 804
17 815
17 821
18 25
18 28
18 36
18 44
18 54
18 70
18 217
18 263
18 290
18 314
18 361
18 367
18 402
18 497
18 518
18 571
18 669
18 809
19 20
19 32
19 46
19 55
19 73
19 146
19 160
19 229
19 240
19 255
19 271
19 284
19 315
19 442
19 620
19 684
19 741
19 776
19 777
19 779
20 34
20 36
20 60
20 71
20 89
20 103
20 121
20 150
20 165
20 174
20 188
20 195
20 249
20 264
20 266
20 313
20 347
20 355
20 375
20 387
20 396
20 416
20 452
20 503
20 539
20 540
20 547
20 554
20 641
20 650
20 689
20 691
20 702
20 721
20 740
20 750
20 787
20 802
20 820
21 52
21 53
21 63
21 79
21 105
21 145
21 155
21 158
21 172
21 220
21 410
21 416
21 440
21 459
21 463
21 595
21 648
21 720
21 739
21 760
22 23
22 26
22 28
22 39
22 43
22 49
22 86
22 169
22 222
22 234
22 237
22 257
22 358
22 367
22 369
22 383
22 398
22 443
22 470
22 478
22 479
22 536
22 585
22 607
22 618
22 656
22 692
22 727
22 735
22 810
23 43
23 148
23 223
23 234
23 291
23 375
23 523
23 532
23 791
24 26
24 37
24 38
24 42
24 49
24 54
24 64
24 65
24 67
24 72
24 75
24 76
24 95
24 108
24 115
24 124
24 125
24 141
24 149
24 155
24 178
24 187
24 244
24 263
24 295
24 392
24 395
24 414
24 432
24 436
24 438
24 457
24 463
24 528
24 577
24 579
24 664
24 681
24 692
24 703
24 704
24 711
24 729
24 778
24 808
24 839
24 841
25 48
25 68
25 119
25 134
25 142
25 160
25 179
25 301
25 378
25 383
25 409
25 420
25 444
25 592
25 671
25 795
25 827
26 41
26 67
26 109
26 136
26 237
26 291
26 312
26 416
26 520
26 823
27 30
27 38
27 74
27 141
27 152
27 157
27 198
27 208
27 219
27 314
27 361
27 389
27 434
27 548
27 563
27 622
27 658
27 728
27 814
28 29
28 31
28 74
28 75
28 79
28 96
28 167
28 179
28 216
28 251
28 258
28 315
28 376
28 420
28 422
28 449
28 460
28 519
28 533
28 573
28 650
28 731
28 846
29 37
29 46
29 48
29 53
29 59
29 138
29 151
29 176
29 237
29 266
29 282
29 355
29 440
29 777
29 803
29 842
30 39
30 60
30 97
30 102
30 112
30 123
30 149
30 161
30 174
30 183
30 189
30 215
30 252
30 393
30 411
30 455
30 484
30 492
30 495
30 561
30 652
30 659
30 683
30 720
30 808
31 37
31 57
31 76
31 85
31 90
31 103
31 105
31 116
31 136
31 137
31 149
31 194
31 268
31 275
31 289
31 297
31 306
31 332
31 454
31 472
31 532
31 538
31 556
31 591
31 608
31 629
31 684
31 708
31 764
31 771
31 805
31 831
31 835
32 40
32 54
32 91
32 94
32 133
32 144
32 164
32 279
32 419
33 41
33 48
33 68
33 115
33 124
33 261
33 407
33 414
33 567
33 624
33 730
33 741
33 810
34 52
34 80
34 85
34 128
34 143
34 262
34 285
34 337
34 441
34 445
34 538
34 687
34 746
34 782
34 834
34 838
35 43
35 47
35 59
35 78
35 82
35 93
35 132
35 155
35 166
35 189
35 199
35 208
35 241
35 247
35 262
35 275
35 318
35 349
35 372
35 456
35 482
35 504
35 575
35 601
35 606
35 629
35 646
35 649
35 650
35 660
35 673
35 736
35 823
36 45
36 61
36 64
36 78
36 90
36 107
36 111
36 113
36 157
36 170
36 206
36 207
36 322
36 356
36 413
36 428
36 451
36 476
36 543
36 574
36 605
36 607
36 636
36 711
36 721
36 833
37 47
37 102
37 150
37 185
37 206
37 299
37 333
37 728
37 735
38 56
38 196
38 501
38 550
38 670
38 754
39 106
39 160
39 182
39 329
39 360
39 449
40 68
40 69
40 73
40 75
40 111
40 112
40 117
40 163
40 180
40 181
40 220
40 230
40 274
40 285
40 308
40 323
40 345
40 366
40 423
40 471
40 607
40 634
40 774
41 75
41 108
41 110
41 161
41 215
41 245
41 254
41 426
41 468
41 539
41 540
41 541
41 557
41 650
41 739
41 763
41 839
42 51
42 106
42 203
42 204
42 212
42 231
42 254
42 338
42 405
42 443
42 451
42 513
42 519
42 546
42 563
42 592
42 605
42 634
42 662
42 666
43 61
43 94
43 217
43 218
43 298
43 332
43 597
43 617
43 669
43 681
43 703
43 706
43 720
43 845
44 50
44 77
44 89
44 97
44 146
44 153
44 166
44 177
44 184
44 207
44 343
44 402
44 467
44 705
44 722
44 836
45 54
45 134
45 141
45 167
45 212
45 512
45 523
45 588
45 633
45 642
45 762
45 790
45 849
46 114
46 122
46 131
46 179
46 241
46 333
46 334
46 433
46 480
46 494
46 510
47 107
47 139
47 145
47 304
47 437
48 63
48 89
48 102
48 156
48 269
48 348
48 379
48 426
48 459
48 470
48 502
48 526
48 666
48 700
49 82
49 153
49 158
49 224
49 238
49 246
49 250
49 268
49 291
49 323
49 331
49 367
49 456
49 464
49 483
49 548
49 553
49 571
49 585
49 685
49 686
49 687
49 721
49 764
49 835
50 92
50 129
50 173
50 235
50 284
50 312
50 401
50 469
50 495
50 560
50 587
50 598
50 626
50 689
50 737
51 603
51 608
52 55
52 58
52 65
52 120
52 121
52 141
52 186
52 209
52 250
52 277
52 380
52 425
52 448
52 646
53 87
53 118
53 130
53 158
53 598
53 697
54 81
54 88
54 136
54 287
54 431
54 473
54 475
54 510
54 518
54 519
54 655
54 717
54 759
55 69
55 70
55 97
55 104
55 119
55 122
55 139
55 153
55 158
55 173
55 197
55 232
55 250
55 259
55 264
55 270
55 363
55 370
55 438
55 566
55 619
55 623
55 686
55 751
55 761
55 766
55 776
55 782
55 823
56 198
56 331
56 616
57 229
57 638
57 779
58 116
58 117
58 126
58 159
58 228
58 247
58 286
58 341
58 423
58 437
58 507
58 748
58 847
59 62
59 86
59 106
59 154
59 180
59 249
59 310
59 382
59 503
59 688
59 757
59 796
60 103
60 288
60 350
60 596
60 625
61 101
61 145
61 242
61 283
61 346
61 404
61 672
62 70
62 71
62 117
62 130
62 257
62 320
62 323
62 385
62 491
62 531
62 583
62 596
62 604
62 694
62 741
62 769
62 801
63 77
63 93
63 180
63 189
63 238
63 380
63 417
63 612
63 693
63 711
63 729
64 69
64 244
64 336
64 596
64 778
65 84
65 92
65 99
65 210
65 218
65 305
65 344
65 387
65 480
65 516
65 632
65 712
65 756
65 761
65 798
65 811
66 82
66 95
66 98
66 193
66 537
66 551
66 661
67 81
67 101
67 481
67 536
67 541
67 559
67 681
68 241
68 276
68 283
68 299
68 339
68 408
68 740
69 90
69 125
69 232
69 391
69 565
70 93
70 133
70 167
70 171
70 235
70 264
70 280
70 303
70 446
70 473
70 497
70 668
70 727
70 753
71 84
71 168
71 203
71 476
71 541
72 324
72 749
73 129
73 239
73 282
73 335
73 347
73 512
73 714
73 785
73 786
74 107
74 220
74 338
74 483
74 508
74 684
74 760
74 769
75 101
75 122
75 185
75 306
75 337
75 371
75 454
75 507
75 609
76 118
76 128
76 165
76 195
76 248
76 309
76 456
76 467
76 485
76 544
76 763
77 152
77 196
77 202
77 233
77 355
77 601
77 681
77 725
77 746
77 788
78 88
78 169
78 176
78 515
78 522
78 669
78 833
79 112
79 161
79 343
79 455
79 457
79 531
79 683
80 154
80 294
80 454
81 96
81 123
81 146
81 172
81 214
81 227
81 408
81 424
81 454
81 458
81 496
81 565
81 637
81 732
81 736
81 745
82 641
82 746
82 837
83 91
83 100
83 145
83 170
83 260
83 312
83 442
83 579
83 639
84 89
84 137
84 148
84 207
84 223
84 226
84 275
84 276
84 293
84 309
84 327
84 351
84 384
84 393
84 620
84 653
84 677
84 785
84 807
84 819
84 830
85 94
85 353
85 390
85 506
85 623
85 745
86 111
86 144
86 151
86 174
86 248
86 269
86 288
86 521
86 529
86 593
86 668
86 685
86 812
87 128
87 513
87 515
87 582
88 117
88 240
88 272
88 549
88 561
88 586
88 654
88 780
89 109
89 130
89 334
89 335
89 342
89 655
90 326
90 462
90 477
90 623
91 126
91 142
91 147
91 176
91 190
91 217
91 289
91 322
91 520
91 628
91 709
91 743
92 96
92 169
92 483
92 726
93 206
93 380
93 687
94 104
94 239
94 339
94 424
94 480
94 498
94 506
94 555
94 599
94 701
94 792
94 830
95 183
95 191
95 211
95 256
95 756
96 123
96 124
96 171
96 187
96 197
96 301
96 311
96 316
96 321
96 346
96 352
96 384
96 406
96 429
96 524
96 527
96 528
96 619
96 639
96 734
96 781
96 833
96 844
97 98
97 109
97 113
97 116
97 172
97 175
97 192
97 202
97 258
97 418
97 438
97 826
97 842
98 204
98 205
98 263
98 312
98 469
98 475
99 235
99 270
99 282
99 324
99 404
99 409
99 481
99 580
99 627
99 698
99 741
100 120
100 227
100 281
100 336
100 492
100 688
100 710
100 730
100 768
101 110
101 165
101 213
101 273
101 296
101 330
101 334
101 418
101 489
101 490
101 552
101 556
101 560
101 563
101 610
101 694
101 705
101 770
102 140
102 149
102 151
102 212
102 253
102 309
102 433
102 441
102 647
102 747
102 815
103 243
103 348
103 366
103 399
103 406
103 421
103 435
103 706
103 729
103 759
103 790
104 221
104 469
104 527
104 604
104 701
105 439
105 442
105 587
105 693
106 144
106 199
106 201
106 249
106 295
106 384
106 447
106 473
106 611
106 667
106 805
106 841
107 212
107 346
107 406
107 417
107 547
107 699
107 850
108 140
108 275
108 287
108 290
108 372
108 501
108 527
108 593
108 756
108 790
108 799
109 177
109 209
109 219
109 252
109 565
109 620
109 630
109 704
110 193
110 407
110 784
111 124
111 177
111 178
111 737
111 824
112 186
112 233
112 274
112 389
112 392
112 500
112 739
112 757
112 788
113 127
113 132
113 162
113 166
113 170
113 179
113 205
113 209
113 242
113 343
113 371
113 413
113 440
113 466
113 474
113 478
113 484
113 494
113 536
113 628
113 708
114 244
115 127
115 361
115 781
116 153
116 159
116 191
116 286
116 292
116 385
116 503
116 545
116 555
116 566
116 584
116 795
117 279
117 356
117 388
117 533
117 557
117 625
117 715
117 794
117 816
117 828
117 830
118 139
118 281
119 129
119 175
119 238
119 383
119 388
119 670
120 139
120 180
120 181
120 228
120 390
120 419
120 478
120 490
120 640
121 187
121 255
121 277
121 300
121 318
121 401
121 453
121 508
121 520
121 587
121 615
121 677
121 689
121 704
121 773
121 783
122 147
122 198
122 236
122 272
122 311
122 317
122 430
122 432
122 463
122 503
122 514
122 665
122 730
123 154
123 328
123 660
124 148
124 394
124 424
124 597
124 622
124 649
124 671
124 690
124 814
125 136
125 308
125 449
125 840
126 190
126 205
126 241
126 577
126 622
126 815
127 202
127 221
127 230
127 239
127 335
127 359
127 417
127 481
127 482
127 487
127 488
127 661
127 775
127 796
128 231
128 260
128 381
128 440
128 466
128 507
128 658
128 737
129 254
129 846
130 148
130 293
130 365
130 742
131 135
131 210
131 605
131 634
131 836
132 235
132 398
132 653
133 431
133 628
134 526
134 549
134 569
134 707
135 155
135 213
135 252
135 259
135 316
135 329
135 426
135 564
135 791
136 240
136 401
136 429
136 615
137 157
137 525
137 576
137 614
138 294
138 304
138 315
138 400
138 410
138 724
138 733
139 278
139 364
139 447
139 838
140 168
140 230
140 284
140 296
140 310
140 317
140 344
140 364
140 538
140 561
140 591
140 610
142 143
143 642
144 171
144 173
144 186
144 244
144 298
144 325
144 397
144 445
144 543
144 558
144 710
144 775
145 150
145 168
145 170
145 172
145 372
145 713
145 763
147 164
147 182
147 199
147 276
147 527
147 578
148 195
148 321
148 344
148 375
148 393
148 483
148 535
149 372
149 506
150 164
150 240
150 255
150 378
150 412
150 467
150 490
150 500
150 581
151 220
151 251
151 260
151 301
151 336
151 475
151 543
151 602
151 630
151 825
151 832
152 234
152 256
152 277
152 324
152 365
152 382
152 386
152 411
152 588
152 656
152 680
152 716
152 717
152 800
152 834
153 251
153 365
153 415
154 355
154 427
154 472
154 579
154 770
155 162
155 199
155 201
155 368
155 446
155 450
155 474
155 522
155 565
155 671
155 699
155 718
156 545
156 546
156 714
156 726
157 162
157 165
157 184
157 272
157 459
157 463
157 521
157 537
157 631
157 821
158 204
158 297
158 629
158 705
158 748
159 166
159 178
159 191
159 203
159 211
159 233
159 277
159 347
159 388
159 455
160 533
160 643
160 645
160 662
161 173
161 353
161 460
161 525
161 665
161 693
162 192
162 208
162 222
162 307
162 336
162 350
162 354
162 367
162 427
162 557
162 574
162 678
163 247
163 326
163 356
163 396
163 768
164 175
164 295
164 385
164 394
164 574
165 171
165 183
165 260
165 364
165 436
165 439
165 506
165 568
165 670
165 698
165 720
165 820
166 190
166 225
166 256
166 267
166 310
166 342
166 511
166 540
166 645
166 682
166 764
167 322
168 268
168 269
168 377
168 582
168 584
168 828
169 278
169 795
171 197
171 210
171 662
172 206
172 216
172 283
172 301
172 434
172 641
172 722
173 205
173 222
173 299
173 303
173 696
174 329
174 378
174 534
174 696
175 211
175 339
175 359
175 395
175 505
175 542
175 800
175 807
175 821
176 249
176 360
176 428
176 451
176 509
176 586
176 849
177 188
177 316
177 353
177 412
177 490
177 664
177 678
177 789
178 234
178 242
178 382
178 461
178 486
178 496
178 580
178 603
178 713
178 828
179 225
179 266
179 273
179 392
179 712
179 809
180 286
180 327
180 330
180 368
180 491
181 183
181 498
181 556
181 831
182 243
182 292
182 466
182 554
182 703
183 198
183 201
183 697
183 780
184 192
184 200
184 216
184 274
184 294
184 359
184 389
184 417
184 505
184 514
184 611
184 614
184 626
184 690
184 707
184 709
184 752
184 765
184 813
184 838
185 268
186 279
186 453
186 509
186 522
186 564
186 578
186 658
186 802
186 823
187 418
187 526
187 549
188 248
188 357
188 535
189 224
189 236
189 464
189 510
189 766
190 211
190 232
190 337
190 362
190 374
190 388
190 397
190 535
190 539
190 601
190 621
190 711
190 744
191 290
191 342
191 732
192 243
192 609
192 612
193 236
193 394
194 245
194 253
194 257
194 410
194 464
194 640
195 373
195 680
196 687
197 468
197 836
198 253
198 266
198 363
198 404
198 613
198 633
198 822
199 308
199 368
199 403
199 589
199 738
199 747
199 798
200 231
200 273
200 691
200 747
200 818
201 728
202 285
202 347
202 351
202 358
202 501
202 531
203 210
203 443
203 606
203 777
204 432
204 599
204 609
204 830
205 307
205 348
205 400
205 526
205 742
206 258
206 289
206 616
206 779
206 784
207 324
207 377
207 393
207 433
207 630
207 679
207 734
208 228
208 482
208 721
208 728
209 267
209 271
209 437
209 459
209 605
209 678
209 760
210 273
210 302
210 498
210 517
211 298
211 839
213 624
213 635
214 229
214 320
214 386
214 492
214 549
214 627
214 663
214 788
215 397
215 414
215 637
215 666
215 667
216 305
217 302
217 412
217 515
217 545
217 598
217 675
218 403
218 412
218 427
218 708
219 222
219 286
219 297
219 311
219 517
219 562
219 734
219 817
220 318
220 329
220 337
220 357
220 433
220 499
220 577
220 607
220 632
220 663
220 834
222 318
224 678
225 306
225 441
225 634
225 767
225 804
226 379
226 652
226 831
227 346
227 456
227 470
227 532
227 613
227 849
228 319
228 334
228 354
229 245
229 261
229 387
229 716
229 746
229 819
229 820
230 326
230 575
230 598
231 309
231 322
231 496
231 676
232 296
232 343
232 386
233 395
234 261
234 278
234 313
234 420
234 480
234 482
234 563
234 715
235 272
236 409
236 674
236 743
236 827
237 381
237 399
237 413
237 450
237 619
237 794
238 592
238 689
238 757
239 265
239 371
239 428
239 670
239 821
240 311
240 560
240 575
240 818
241 300
241 429
241 839
242 280
242 297
243 308
243 340
243 373
243 462
243 524
243 533
243 575
243 584
243 627
244 363
244 645
244 749
245 332
245 804
246 504
247 571
247 626
248 257
248 280
248 310
249 501
249 778
250 399
250 406
250 413
250 562
250 778
250 816
251 497
251 500
251 661
251 796
251 810
251 842
252 263
252 400
254 418
254 625
254 644
255 262
255 269
255 305
255 349
255 352
255 425
255 515
255 671
255 754
255 783
256 422
257 516
258 356
258 555
259 381
260 279
261 296
261 489
261 573
261 736
262 488
262 713
263 357
263 422
263 511
263 600
263 794
264 838
265 270
265 319
265 683
265 735
266 444
266 621
266 655
266 686
267 283
267 302
267 304
267 362
267 408
267 639
268 314
268 564
268 581
268 662
269 288
269 327
269 415
269 714
270 282
270 292
270 411
270 544
270 623
270 633
270 732
270 747
270 822
271 389
271 434
271 471
271 492
271 516
271 718
272 476
272 843
273 489
273 696
273 811
274 316
274 462
274 496
274 609
274 647
274 727
274 831
276 780
277 441
277 781
278 471
278 525
279 342
279 370
279 803
281 307
281 562
281 620
282 529
282 683
282 719
284 363
284 371
284 561
284 770
285 573
287 512
288 391
289 354
289 374
289 465
289 597
290 364
291 457
291 487
292 398
292 590
292 648
293 439
294 438
295 374
295 437
295 548
295 667
296 600
296 659
297 344
297 352
297 421
297 583
299 486
299 713
301 443
301 510
301 787
303 328
303 370
303 478
303 558
303 590
303 653
303 776
303 802
306 499
306 675
308 550
309 523
310 637
310 745
310 845
311 396
311 495
311 619
311 709
312 376
312 789
312 799
313 374
313 444
313 529
313 744
314 369
315 700
316 666
317 448
317 844
318 431
318 465
318 548
318 673
319 323
319 648
320 552
320 723
321 710
321 808
322 667
323 333
324 472
324 590
324 786
325 338
325 555
325 578
326 595
327 392
327 465
327 477
327 631
327 647
327 725
327 769
327 799
328 379
328 640
328 814
329 544
330 405
330 485
330 497
331 744
332 362
332 415
332 644
333 468
334 488
335 508
335 824
335 832
335 843
336 402
337 553
337 604
338 422
338 672
339 370
339 401
339 518
340 390
340 705
341 651
341 771
343 461
343 514
344 617
345 425
345 488
345 843
346 387
347 402
348 452
348 511
350 451
350 665
350 697
351 685
352 442
352 772
353 542
353 602
353 758
354 360
354 377
354 404
354 487
354 768
355 556
356 572
357 359
358 554
359 453
359 644
359 679
360 405
360 485
360 690
360 798
362 365
362 429
362 436
362 439
362 450
362 461
363 383
363 572
364 530
364 551
366 416
366 423
366 601
368 466
368 813
368 826
369 373
369 603
369 694
370 494
370 679
370 822
370 841
371 407
371 430
371 765
372 419
372 580
373 518
373 665
374 411
374 445
374 532
374 827
377 530
378 379
378 447
378 452
378 523
378 614
378 618
378 644
378 660
378 702
379 828
380 656
380 840
381 453
381 568
381 596
381 632
381 657
381 672
382 509
382 538
383 517
383 583
383 595
383 690
384 513
385 484
385 486
386 403
386 621
387 551
388 589
389 408
390 638
390 684
391 600
393 738
394 817
395 410
395 612
395 635
395 636
395 755
398 543
398 682
398 724
398 801
399 450
399 676
399 785
401 470
401 700
401 793
402 465
403 733
404 599
406 489
406 551
406 677
406 710
409 458
410 477
410 572
412 521
414 415
414 423
416 680
417 748
419 552
420 477
420 750
421 649
422 626
424 436
424 522
424 707
424 850
425 602
426 611
428 446
428 505
428 576
428 588
428 668
428 732
428 817
430 657
431 808
432 571
432 731
432 815
435 511
435 800
435 803
436 554
439 534
439 652
440 498
440 569
440 724
441 758
442 745
443 577
444 447
444 701
445 576
446 507
446 633
447 528
448 550
448 616
448 642
449 467
451 624
451 719
453 725
454 663
455 646
456 688
456 718
457 812
458 514
458 612
458 786
459 493
460 621
461 760
462 469
464 572
464 608
464 805
466 473
466 559
466 841
466 847
468 536
470 546
470 844
473 679
473 744
474 717
475 519
475 525
475 715
476 618
476 723
476 725
477 481
477 726
477 771
477 792
477 793
478 537
478 787
479 748
479 835
480 560
483 595
486 604
487 540
488 663
489 754
490 737
493 653
493 716
495 570
495 794
496 716
496 810
497 675
501 573
503 513
503 611
503 698
504 829
505 635
505 793
509 643
512 593
512 700
513 574
513 591
513 675
513 805
513 829
514 677
514 699
515 795
516 806
517 742
517 840
519 622
519 672
519 772
524 654
524 774
524 814
525 558
525 688
526 651
526 782
529 588
530 570
530 579
530 761
530 780
531 594
532 558
533 654
534 819
537 651
537 767
537 782
539 582
539 771
539 798
539 812
543 695
543 735
544 826
546 562
546 566
547 694
547 776
548 631
549 586
551 642
551 840
551 847
552 610
552 654
552 804
552 824
553 584
553 802
554 557
556 645
556 712
556 740
556 755
556 825
557 784
557 816
561 613
561 742
562 773
564 580
564 639
564 648
565 754
566 661
566 692
567 586
567 786
569 585
571 636
572 790
572 817
572 818
573 587
573 801
576 848
578 647
579 749
580 783
582 800
585 594
587 777
588 594
588 695
588 774
588 844
589 701
590 767
591 636
591 727
592 613
592 668
592 791
593 812
594 822
595 624
597 717
597 758
598 637
601 676
601 718
606 638
606 733
606 750
606 757
607 664
607 753
608 829
612 715
613 641
614 762
615 651
617 842
619 837
620 752
621 759
626 693
634 704
636 685
638 797
640 729
646 674
646 825
648 818
651 809
652 706
654 755
656 703
657 766
658 691
658 695
660 783
661 784
662 730
671 680
671 763
672 829
675 719
675 752
676 793
676 820
682 789
685 753
688 775
692 702
693 773
698 775
703 762
707 765
710 724
715 809
716 722
717 772
718 848
722 738
724 806
733 801
736 761
736 769
746 806
747 767
751 765
751 819
755 824
768 848
790 850
791 807
804 825
809 843
809 845
810 827
820 837
846 848
